1.167,30,35,41
B0,mixamorig_Hips,-1,0.9732744097709656,0.07218991219997406,-0.21800222992897034,0,-0.10204911231994629,0.9863840937614441,-0.12896567583084106,0,0.20572392642498016,0.14776594936847687,0.9673894047737122,0,0.3684389293193817,10.87617301940918,-0.30254560708999634,1
B1,mixamorig_Spine,0,0.9763701558113098,-0.11277258396148682,0.184346005320549,0,0.08669255673885345,0.9857887625694275,0.1438920497894287,0,-0.19795334339141846,-0.1245105043053627,0.9722715020179749,0,0,1.2427419424057007,-0.1856590062379837,1
B2,mixamorig_Spine1,1,0.9997256994247437,0.0071512567810714245,0.022303232923150063,0,-0.010265379212796688,0.989698052406311,0.14280341565608978,0,-0.021052230149507523,-0.14299312233924866,0.9894993901252747,0,0,1.4659559726715088,0,1
B3,mixamorig_Spine2,2,0.9997736811637878,0.010950264520943165,0.01824580878019333,0,-0.01340642012655735,0.9899966716766357,0.14045201241970062,0,-0.016525303944945335,-0.14066484570503235,0.9899194836616516,0,0,1.6753770112991333,0,1
B4,mixamorig_Neck,3,0.9995349645614624,-0.012519575655460358,-0.02781786397099495,0,0.01568068563938141,0.9930678606033325,0.11649364233016968,0,0.026166563853621483,-0.11687561869621277,0.9928019046783447,0,0,1.8847999572753906,0,1
B5,mixamorig_Head,4,0.9991404414176941,0.037743307650089264,0.01713481731712818,0,-0.028095534071326256,0.9205851554870605,-0.3895309567451477,0,-0.030476247891783714,0.3887147605419159,0.920854389667511,0,0,0.855912983417511,0.3470599949359894,1
B6,mixamorig_HeadTop_End,5,1,0,0,0,0,1,0,0,0,0,1,0,0,2.8392999172210693,1.1512919664382935,1
B7,mixamorig_LeftShoulder,3,0.15961185097694397,0.0015972183318808675,-0.9871786832809448,0,0.885077953338623,-0.44312840700149536,0.14238674938678741,0,-0.437219500541687,-0.8964566588401794,-0.07214220613241196,0,0.652642011642456,1.576030969619751,-0.03514900058507919,1
B8,mixamorig_LeftArm,7,0.9290772676467896,0.3574940264225006,0.09493733197450638,0,-0.34393003582954407,0.740491509437561,0.5773945450782776,0,0.13611480593681335,-0.5690959095954895,0.8109267950057983,0,0,1.451390027999878,0,1
B9,mixamorig_LeftForeArm,8,0.37307828664779663,0.926167368888855,-0.05501691997051239,0,-0.926626443862915,0.36896878480911255,-0.07229306548833847,0,-0.04665593057870865,0.07795107364654541,0.995864987373352,0,0,3.2703590393066406,0,1
B10,mixamorig_LeftHand,9,0.7632439732551575,-0.07770344614982605,-0.6414211392402649,0,0.02313758060336113,0.9953924417495728,-0.093052439391613,0,0.6456959843635559,0.05618075281381607,0.7615247964859009,0,0,2.8214590549468994,0,1
B11,mixamorig_LeftHandThumb1,10,0.8366796374320984,0.45886507630348206,-0.29901641607284546,0,-0.421530544757843,0.8880847692489624,0.1833512932062149,0,0.34968528151512146,-0.027361735701560974,0.936467707157135,0,-0.3050509989261627,0.43549299240112305,0,1
B12,mixamorig_LeftHandThumb2,11,0.9893350005149841,-0.13856419920921326,0.04490232467651367,0,0.13331156969070435,0.9855850338935852,0.10415943711996078,0,-0.05868785083293915,-0.0970626100897789,0.9935463666915894,0,-0.06800000369548798,0.4198940098285675,0,1
B13,mixamorig_LeftHandThumb3,12,0.9882082343101501,0.0038937749341130257,0.15306724607944489,0,0.03678306192159653,0.9643652439117432,-0.2620047330856323,0,-0.14863288402557373,0.26454541087150574,0.9528501033782959,0,-0.004792999941855669,0.4857949912548065,0,1
B14,mixamorig_LeftHandThumb4,13,1,0,0,0,0,1,0,0,0,0,1,0,0.07279200106859207,0.44150298833847046,0,1
B15,mixamorig_LeftHandIndex1,10,0.7145034074783325,0.6409487128257751,0.28048205375671387,0,-0.6408866047859192,0.4388088881969452,0.6298500895500183,0,0.2806234657764435,-0.6297869682312012,0.7243055701255798,0,0,0.9967560172080994,0,1
B16,mixamorig_LeftHandIndex2,15,0.8758742213249207,0.4441016912460327,0.1887274831533432,0,-0.4599100947380066,0.6499327421188354,0.605037271976471,0,0.1460379809141159,-0.616734504699707,0.7735065817832947,0,0.060189999639987946,0.5512700080871582,0,1
B17,mixamorig_LeftHandIndex3,16,0.8725785613059998,0.4770162105560303,0.10517601668834686,0,-0.45854249596595764,0.7256869673728943,0.5129486322402954,0,0.16836011409759521,-0.49581611156463623,0.8519518375396729,0,-0.026318000629544258,0.4993000030517578,0,1
B18,mixamorig_LeftHandIndex4,17,1,0,0,0,0,1,0,0,0,0,1,0,-0.033872999250888824,0.5011600255966187,0,1
B19,mixamorig_RightShoulder,3,-0.06253008544445038,-0.006867587100714445,0.9980196356773376,0,-0.9216923713684082,-0.38319408893585205,-0.06038466840982437,0,0.38284966349601746,-0.9236424565315247,0.0176312867552042,0,-0.652642011642456,1.5792399644851685,-0.05662799999117851,1
B20,mixamorig_RightArm,19,0.7098230123519897,-0.17365367710590363,0.6826386451721191,0,-0.515459418296814,0.5324323773384094,0.6714296936988831,0,-0.48005515336990356,-0.8284687399864197,0.2884213626384735,0,0,1.451390027999878,0,1
B21,mixamorig_RightForeArm,20,0.638006865978241,-0.7694581151008606,0.029686637222766876,0,0.7698524594306946,0.6365563869476318,-0.04607206955552101,0,0.01655331440269947,0.052248645573854446,0.9984968900680542,0,0,3.2765069007873535,0,1
B22,mixamorig_RightHand,21,0.8096734881401062,-0.00652412511408329,0.5868440270423889,0,0.21088403463363647,0.9363870024681091,-0.2805483043193817,0,-0.5476827621459961,0.3509085476398468,0.7595435380935669,0,0,2.8292040824890137,0,1
B23,mixamorig_RightHandThumb1,22,0.8097585439682007,-0.5398396849632263,0.22992278635501862,0,0.5414997935295105,0.838447630405426,0.061512742191553116,0,-0.22598524391651154,0.07469269633293152,0.9712632894515991,0,0.32116401195526123,0.5079699754714966,0,1
B24,mixamorig_RightHandThumb2,23,0.9918177127838135,0.11028160899877548,0.06430629640817642,0,-0.11649227887392044,0.9878852367401123,0.1025332361459732,0,-0.0522196963429451,-0.10918544232845306,0.9926487803459167,0,0.08328499644994736,0.4735170006752014,0,1
B25,mixamorig_RightHandThumb3,24,0.9859898686408997,0.07931018620729446,-0.1467439979314804,0,-0.1063462644815445,0.9766419529914856,-0.18671073019504547,0,0.12850826978683472,0.19970056414604187,0.971393346786499,0,-0.002070999937132001,0.4775800108909607,0,1
B26,mixamorig_RightHandThumb4,25,1,0,0,0,0,1,0,0,0,0,1,0,-0.08121500164270401,0.3971160054206848,0,1
B27,mixamorig_RightHandIndex1,22,0.8222985863685608,-0.5689119100570679,-0.01283181831240654,0,0.5564679503440857,0.7991864681243896,0.22725410759449005,0,-0.11903247982263565,-0.1940111219882965,0.9737505316734314,0,0,1.0201549530029297,0,1
B28,mixamorig_RightHandIndex2,27,0.9955903887748718,-0.09142445772886276,-0.020999396219849586,0,0.09368646144866943,0.9578359723091125,0.27161285281181335,0,-0.004718078300356865,-0.2723824381828308,0.9621772766113281,0,-0.07540299743413925,0.5894140005111694,0,1
B29,mixamorig_RightHandIndex3,28,0.9315521717071533,-0.3616393208503723,-0.03778557479381561,0,0.3578436076641083,0.8933901190757751,0.27166399359703064,0,-0.06448712944984436,-0.26659050583839417,0.9616498351097107,0,0.0557279996573925,0.5480239987373352,0,1
B30,mixamorig_RightHandIndex4,29,1,0,0,0,0,1,0,0,0,0,1,0,0.019675999879837036,0.41751301288604736,0,1
B31,mixamorig_LeftUpLeg,0,-0.9996526837348938,0.007875232957303524,0.02513769268989563,0,-0.01062327902764082,-0.9937485456466675,-0.11113142967224121,0,0.02410537749528885,-0.11135994642972946,0.9934877157211304,0,1.022987961769104,-0.6898429989814758,-0.1812169998884201,1
B32,mixamorig_LeftLeg,31,0.998184084892273,0.028752774000167847,-0.05294150859117508,0,-0.055459246039390564,0.7818031311035156,-0.6210538744926453,0,0.023532813414931297,0.6228620409965515,0.7819779515266418,0,0,5.231299877166748,0,1
B33,mixamorig_LeftFoot,32,0.9965863823890686,0.044751428067684174,-0.06937503814697266,0,0.06946530938148499,-0.00046379267587326467,0.9975839853286743,0,0.04461115226149559,-0.99899822473526,-0.0035708826035261154,0,0,4.76700496673584,0,1
B34,mixamorig_LeftToeBase,33,0.9826417565345764,-0.0013319060672074556,0.185507670044899,0,-0.10707981884479523,0.8125016093254089,0.5730398297309875,0,-0.15148860216140747,-0.5829573273658752,0.7982558608055115,0,0,1.9788390398025513,0,1
B35,mixamorig_LeftToe_End,34,1,0,0,0,0,1,0,0,0,0,1,0,0,0.7514830231666565,0,1
B36,mixamorig_RightUpLeg,0,-0.964277446269989,0.15451084077358246,-0.21516306698322296,0,-0.24448466300964355,-0.8317701816558838,0.498382568359375,0,-0.10196074098348618,0.5331831574440002,0.8398329019546509,0,-1.022987961769104,-0.6898429989814758,-0.09872400015592575,1
B37,mixamorig_RightLeg,36,0.9998383522033691,-0.01718965731561184,0.005310786888003349,0,0.01754850707948208,0.866682231426239,-0.49855145812034607,0,0.003967164549976587,0.4985641837120056,0.8668439388275146,0,0,5.234388828277588,0,1
B38,mixamorig_RightFoot,37,0.9771280884742737,-0.004175327718257904,-0.2126103639602661,0,0.1966485232114792,0.39825230836868286,0.8959486484527588,0,0.08093173801898956,-0.9172666072845459,0.3899647891521454,0,0,4.769873142242432,0,1
B39,mixamorig_RightToeBase,38,0.9817087054252625,0.007703816518187523,-0.19023257493972778,0,0.11065274477005005,0.790011465549469,0.6030242443084717,0,0.15493156015872955,-0.6130441427230835,0.7747089266777039,0,0,1.9828089475631714,0,1
B40,mixamorig_RightToe_End,39,1,0,0,0,0,1,0,0,0,0,1,0,0,0.7492420077323914,0,1
@34,0,1,2,3,4,5,7,8,9,10,11,12,13,15,16,17,19,20,21,22,23,24,25,27,28,29,31,32,33,34,36,37,38,39
K0,0.9994829297065735,0.005543231964111328,-0.03166220709681511,0,-0.009506766684353352,0.9919289946556091,-0.1264396607875824,0,0.030705785378813744,0.1266753226518631,0.9914689660072327,0,0.007809999864548445,11.427221298217773,0.09349899739027023,1,0.9965700507164001,0.02204294316470623,-0.07976997643709183,0,-0.014281059615314007,0.9952210187911987,0.09659677743911743,0,0.0815180167555809,-0.09512623399496078,0.9921219944953918,0,0,1.2427419424057007,-0.1856590062379837,1,0.9995819926261902,-0.001696065184660256,-0.028872834518551826,0,0.0056509352289140224,0.9904919862747192,0.13745218515396118,0,0.02836516872048378,-0.13755783438682556,0.9900870323181152,0,0,1.4659559726715088,0,1,0.9995139837265015,0.0014087546151131392,-0.031134983524680138,0,0.002797754481434822,0.9908890724182129,0.13464964926242828,0,0.031041016802191734,-0.13467134535312653,0.990403950214386,0,0,1.6753770112991333,0,1,0.9998549818992615,0.003333922941237688,0.01667514629662037,0,-0.0054950774647295475,0.9913290143013,0.13128916919231415,0,-0.016092857345938683,-0.13136184215545654,0.9912040829658508,0,0,1.8847999572753906,0,1,0.9874280691146851,0.024599887430667877,0.15614384412765503,0,0.013062885962426662,0.9717378616333008,-0.23570124804973602,0,-0.15752914547920227,0.23477774858474731,0.9592000246047974,0,0,0.855912983417511,0.3470599949359894,1,0.07331664115190506,0.006272665690630674,-0.9972890019416809,0,0.9150239825248718,-0.39816606044769287,0.06476451456546783,0,-0.3966805934906006,-0.9172922372817993,-0.03493187949061394,0,0.652642011642456,1.576030969619751,-0.03514900058507919,1,0.8581250309944153,0.17840693891048431,-0.4814477860927582,0,0.27611595392227173,0.6302030086517334,0.7256749272346497,0,0.4328751266002655,-0.7556549906730652,0.4915318191051483,0,0,1.451390027999878,0,1,0.7715761065483093,0.6356878280639648,-0.02392704412341118,0,-0.6360021233558655,0.7700899243354797,-0.04961871728301048,0,-0.01311604492366314,0.05350227653980255,0.9984819293022156,0,0,3.2703590393066406,0,1,0.6706488728523254,-0.011253641918301582,-0.741689145565033,0,-0.11245565116405487,0.9867850542068481,-0.11665694415569305,0,0.7332009077072144,0.16164305806159973,0.6605210900306702,0,0,2.8214590549468994,0,1,0.874159038066864,0.4856049418449402,-0.005795925389975309,0,-0.4856281280517578,0.8741588592529297,-0.003510021138936281,0,0.0033620749600231647,0.005882978904992342,0.9999769926071167,0,-0.3050509989261627,0.43549299240112305,0,1,0.9473109841346741,-0.07503193616867065,-0.3114037811756134,0,0.07855307310819626,0.9969090223312378,-0.001239001052454114,0,0.31053420901298523,-0.023288002237677574,0.9502769112586975,0,-0.06800000369548798,0.4198940098285675,0,1,0.8391221165657043,0.2575390934944153,-0.4791107475757599,0,-0.47218188643455505,0.7821498513221741,-0.4065532982349396,0,0.27003321051597595,0.5673757195472717,0.7779251337051392,0,-0.004792999941855669,0.4857949912548065,0,1,0.8503398895263672,0.5078490972518921,0.13788101077079773,0,-0.5103118419647217,0.7318390607833862,0.4516550600528717,0,0.12846601009368896,-0.4544229805469513,0.8814740777015686,0,0,0.9967560172080994,0,1,0.9634349942207336,0.25669410824775696,0.07682211697101593,0,-0.2644478976726532,0.8647887706756592,0.42685848474502563,0,0.043137118220329285,-0.431565523147583,0.9010492563247681,0,0.060189999639987946,0.5512700080871582,0,1,0.9612621068954468,0.2746635675430298,0.023128191009163857,0,-0.26857244968414307,0.9144529700279236,0.3027297854423523,0,0.06199919059872627,-0.29721421003341675,0.9527959227561951,0,-0.026318000629544258,0.4993000030517578,0,1,0.030048338696360588,0.011229417286813259,0.9994850158691406,0,-0.8587751984596252,-0.5113797187805176,0.031563546508550644,0,0.5114706754684448,-0.8592812418937683,-0.005722615402191877,0,-0.652642011642456,1.5792399644851685,-0.05662799999117851,1,0.9848579168319702,-0.1625383049249649,0.06029713526368141,0,0.07020968943834305,0.6919639706611633,0.7185100317001343,0,-0.15850886702537537,-0.7033969163894653,0.6928980350494385,0,0,1.451390027999878,0,1,0.7756367921829224,-0.630815327167511,0.021450158208608627,0,0.631138801574707,0.7747502326965332,-0.03777124360203743,0,0.007208156865090132,0.04283475875854492,0.9990559816360474,0,0,3.2765069007873535,0,1,0.575818657875061,0.046492889523506165,0.8162542581558228,0,0.06221688911318779,0.992995023727417,-0.10045012831687927,0,-0.81520676612854,0.1086258739233017,0.5688924193382263,0,0,2.8292040824890137,0,1,0.8823509216308594,-0.39768093824386597,0.25160834193229675,0,0.37251102924346924,0.9169509410858154,0.14295415580272675,0,-0.28756266832351685,-0.03240884095430374,0.9572131037712097,0,0.32116401195526123,0.5079699754714966,0,1,0.9982669949531555,0.037769969552755356,0.04512292146682739,0,-0.03966003283858299,0.9983410239219666,0.04175238683819771,0,-0.0434710830450058,-0.043469615280628204,0.9981090426445007,0,0.08328499644994736,0.4735170006752014,0,1,0.991599977016449,-0.08276808261871338,-0.09939005225896835,0,0.04928591474890709,0.9522589445114136,-0.3012850284576416,0,0.11958195269107819,0.2938559353351593,0.9483400583267212,0,-0.002070999937132001,0.4775800108909607,0,1,0.6834730505943298,-0.6945679783821106,-0.2245897352695465,0,0.7181209325790405,0.5845360159873962,0.3776499927043915,0,-0.13102273643016815,-0.41939598321914673,0.8982980847358704,0,0,1.0201549530029297,0,1,0.9271919131278992,-0.35855618119239807,-0.10840781033039093,0,0.36422884464263916,0.7953892350196838,0.48445188999176025,0,-0.08747680485248566,-0.4886651635169983,0.8680750131607056,0,-0.07540299743413925,0.5894140005111694,0,1,0.7937070727348328,-0.5927948951721191,-0.1364688128232956,0,0.5763060450553894,0.6609940528869629,0.4805808365345001,0,-0.1946808099746704,-0.46008822321891785,0.8662669658660889,0,0.0557279996573925,0.5480239987373352,0,1,-0.9939040541648865,-0.10400715470314026,0.036580976098775864,0,0.10949685424566269,-0.96995609998703,0.21724386513233185,0,0.012887025251984596,0.2199251353740692,0.9754319787025452,0,1.022987961769104,-0.6898429989814758,-0.1812169998884201,1,0.99863201379776,0.015405825339257717,0.0499769002199173,0,0.029690824449062347,0.6196730136871338,-0.7842980027198792,0,-0.04305209964513779,0.784709095954895,0.6183679699897766,0,0,5.231299877166748,0,1,0.9864969253540039,-0.15843819081783295,0.04149332642555237,0,0.03639380261301994,0.4590694010257721,0.8876547813415527,0,-0.15968666970729828,-0.8741582632064819,0.4586365520954132,0,0,4.76700496673584,0,1,0.9896589517593384,0.013996385969221592,0.14275912940502167,0,-0.12067661434412003,0.6192541122436523,0.775861918926239,0,-0.07754486799240112,-0.7850659489631653,0.6145390272140503,0,0,1.9788390398025513,0,1,-0.9965939521789551,0.03019770234823227,-0.07673782855272293,0,-0.03904029726982117,-0.9924258589744568,0.11647897213697433,0,-0.07263916730880737,0.11907802522182465,0.9902239441871643,0,-1.022987961769104,-0.6898429989814758,-0.09872400015592575,1,0.9994339942932129,-0.03111402876675129,-0.012826891615986824,0,0.01805197075009346,0.8172929883003235,-0.5759401321411133,0,0.028403112664818764,0.5753819346427917,0.8173909783363342,0,0,5.234388828277588,0,1,0.9950700402259827,0.006976734846830368,-0.09892375767230988,0,0.09324173629283905,0.27388617396354675,0.9572309255599976,0,0.03377223759889603,-0.9617369771003723,0.2718857526779175,0,0,4.769873142242432,0,1,0.9823639988899231,0.0006956970319151878,-0.1869778335094452,0,0.10760470479726791,0.8156991004943848,0.5683799982070923,0,0.1529131680727005,-0.578476071357727,0.801239013671875,0,0,1.9828089475631714,0,1
K0.033,0.9984269738197327,0.0069746533408761024,-0.05562606081366539,0,-0.014658249914646149,0.9901919960975647,-0.13894468545913696,0,0.05411140248179436,0.13954153656959534,0.9887368679046631,0,-0.013269130140542984,11.395914077758789,0.21200208365917206,1,0.9980260729789734,0.023569393903017044,-0.058209605515003204,0,-0.018602823838591576,0.9962549805641174,0.08443663269281387,0,0.05998174101114273,-0.08318711072206497,0.9947270154953003,0,0,1.2427419424057007,-0.1856590062379837,1,0.9997190237045288,-0.0017530479235574603,-0.02362213283777237,0,0.00496591767296195,0.9906070232391357,0.1366489976644516,0,0.023160714656114578,-0.13672800362110138,0.9903380870819092,0,0,1.4659559726715088,0,1,0.9996650218963623,0.0013944061938673258,-0.025853903964161873,0,0.002078370889648795,0.9910050630569458,0.13381104171276093,0,0.025807935744524002,-0.13381993770599365,0.9906700253486633,0,0,1.6753770112991333,0,1,0.9999099969863892,0.0018650289857760072,0.013280020095407963,0,-0.0036079261917620897,0.9911820292472839,0.1324559897184372,0,-0.012915889732539654,-0.1324920654296875,0.991100013256073,0,0,1.8847999572753906,0,1,0.9896209836006165,0.01467911433428526,0.1429477334022522,0,0.017654230818152428,0.9748139977455139,-0.22232185304164886,0,-0.14261089265346527,0.22253794968128204,0.9644370079040527,0,0,0.855912983417511,0.3470599949359894,1,0.07219799607992172,0.006407015956938267,-0.9973700046539307,0,0.9127370119094849,-0.4035850465297699,0.06347895413637161,0,-0.4021171033382416,-0.914919912815094,-0.03498596325516701,0,0.652642011642456,1.576030969619751,-0.03514900058507919,1,0.8715933561325073,0.2039778083562851,-0.44577738642692566,0,0.2130240499973297,0.6613960266113281,0.7191492915153503,0,0.4415262043476105,-0.7217675447463989,0.5330166220664978,0,0,1.451390027999878,0,1,0.7788000702857971,0.6268379092216492,-0.023363854736089706,0,-0.6271481513977051,0.7773618698120117,-0.04892817884683609,0,-0.01250785868614912,0.052757829427719116,0.9985290169715881,0,0,3.2703590393066406,0,1,0.6992281079292297,0.03138735145330429,-0.7142088413238525,0,-0.15818145871162415,0.9810659289360046,-0.11174862086772919,0,0.697178840637207,0.1911124736070633,0.6909540891647339,0,0,2.8214590549468994,0,1,0.8864449858665466,0.45902207493782043,-0.05928545072674751,0,-0.45774132013320923,0.8884183168411255,0.034428760409355164,0,0.06847381591796875,-0.003381799440830946,0.9976469278335571,0,-0.3050509989261627,0.43549299240112305,0,1,0.961614191532135,-0.08598482608795166,-0.2605845332145691,0,0.09608624875545502,0.9950270056724548,0.026251254603266716,0,0.2570314407348633,-0.05028216913342476,0.9650940895080566,0,-0.06800000369548798,0.4198940098285675,0,1,0.8804824352264404,0.26605114340782166,-0.39238598942756653,0,-0.42816832661628723,0.8016014099121094,-0.41726189851760864,0,0.20352409780025482,0.5353988409042358,0.8197103142738342,0,-0.004792999941855669,0.4857949912548065,0,1,0.8520310521125793,0.5066539645195007,0.13169889152050018,0,-0.5042341351509094,0.7266857028007507,0.4665564000606537,0,0.14067907631397247,-0.46392810344696045,0.874631941318512,0,0,0.9967560172080994,0,1,0.9600889086723328,0.26755115389823914,0.08151621371507645,0,-0.27566924691200256,0.8559306859970093,0.4374804198741913,0,0.04727620631456375,-0.4424920082092285,0.8955259323120117,0,0.060189999639987946,0.5512700080871582,0,1,0.9578480124473572,0.2860889732837677,0.026086194440722466,0,-0.27950844168663025,0.907126784324646,0.3146352767944336,0,0.06635021418333054,-0.30866414308547974,0.9488539695739746,0,-0.026318000629544258,0.4993000030517578,0,1,0.01736341416835785,0.00792272761464119,0.9998180866241455,0,-0.8684878945350647,-0.49534523487091064,0.019007859751582146,0,0.49540579319000244,-0.8686600923538208,-0.0017200927250087261,0,-0.652642011642456,1.5792399644851685,-0.05662799999117851,1,0.985049843788147,-0.054445113986730576,0.1634412705898285,0,-0.08509242534637451,0.6711527109146118,0.736419141292572,0,-0.14978843927383423,-0.7393169403076172,0.6564858555793762,0,0,1.451390027999878,0,1,0.7200875282287598,-0.6934415698051453,0.02477511577308178,0,0.6937969326972961,0.7189731597900391,-0.041520122438669205,0,0.01097912061959505,0.04708696901798248,0.9988300204277039,0,0,3.2765069007873535,0,1,0.6042415499687195,0.014523868449032307,0.7966695427894592,0,0.05838094651699066,0.9963400363922119,-0.06244358420372009,0,-0.7946596741676331,0.08424121886491776,0.6011813282966614,0,0,2.8292040824890137,0,1,0.8719701766967773,-0.4226348400115967,0.2470785528421402,0,0.4024447500705719,0.9061956405639648,0.12979698181152344,0,-0.27875828742980957,-0.01374363899230957,0.9602629542350769,0,0.32116401195526123,0.5079699754714966,0,1,0.9977830052375793,0.0473121777176857,0.046814925968647,0,-0.04936312511563301,0.9978260397911072,0.04366905242204666,0,-0.04464705288410187,-0.04588314890861511,0.997948944568634,0,0.08328499644994736,0.4735170006752014,0,1,0.9925140738487244,-0.05671177804470062,-0.10816816240549088,0,0.023975640535354614,0.9588940143585205,-0.28274890780448914,0,0.11975695192813873,0.27803871035575867,0.953075110912323,0,-0.002070999937132001,0.4775800108909607,0,1,0.736727774143219,-0.6548863053321838,-0.16839124262332916,0,0.6681239604949951,0.6666592955589294,0.3304176330566406,0,-0.10412648320198059,-0.35593435168266296,0.9286922812461853,0,0,1.0201549530029297,0,1,0.9546471238136292,-0.2875366508960724,-0.07726866751909256,0,0.292140930891037,0.854524552822113,0.4294675886631012,0,-0.05745967850089073,-0.43256324529647827,0.8997704386711121,0,-0.07540299743413925,0.5894140005111694,0,1,0.8390944600105286,-0.5342534184455872,-0.10243446379899979,0,0.5221575498580933,0.7382115721702576,0.4270774722099304,0,-0.1525493711233139,-0.4118455648422241,0.8983943462371826,0,0.0557279996573925,0.5480239987373352,0,1,-0.9943150281906128,-0.10106200724840164,0.03353330120444298,0,0.10428030788898468,-0.9879070520401001,0.11473967134952545,0,0.021531950682401657,0.11758417636156082,0.9928290843963623,0,1.022987961769104,-0.6898429989814758,-0.1812169998884201,1,0.9998589754104614,0.01642189361155033,0.0035516158677637577,0,-0.006825441028922796,0.5901602506637573,-0.8072578310966492,0,-0.01535271480679512,0.8071192502975464,0.5901886820793152,0,0,5.231299877166748,0,1,0.9803129434585571,-0.19340625405311584,0.03975681960582733,0,0.05001229792833328,0.4380037784576416,0.8975810408592224,0,-0.1910114735364914,-0.8779221177101135,0.4390535354614258,0,0,4.76700496673584,0,1,0.9889260530471802,0.00979140680283308,0.1480858474969864,0,-0.12130452692508698,0.6281934380531311,0.7685427665710449,0,-0.08550143986940384,-0.7779954671859741,0.6224246025085449,0,0,1.9788390398025513,0,1,-0.9960799813270569,0.033406998962163925,-0.08190007507801056,0,-0.045080993324518204,-0.9883869886398315,0.14511868357658386,0,-0.07610101997852325,0.1482420265674591,0.98601895570755,0,-1.022987961769104,-0.6898429989814758,-0.09872400015592575,1,0.9989820122718811,-0.034736789762973785,-0.028770683333277702,0,0.010614139959216118,0.8010058999061584,-0.5985621213912964,0,0.04383763298392296,0.5976476669311523,0.8005595207214355,0,0,5.234388828277588,0,1,0.9949550032615662,0.0040276069194078445,-0.10024628043174744,0,0.09484966099262238,0.28787699341773987,0.9529590010643005,0,0.032696716487407684,-0.9576588869094849,0.28604239225387573,0,0,4.769873142242432,0,1,0.9823638796806335,0.0006961179315112531,-0.18697842955589294,0,0.10760511457920074,0.815697968006134,0.5683820843696594,0,0.15291355550289154,-0.5784777998924255,0.8012372255325317,0,0,1.9828089475631714,0,1
K0.067,0.9969000220298767,-0.0000127548328237026,-0.07868202030658722,0,-0.011928850784897804,0.9884160757064819,-0.15129858255386353,0,0.07777252048254013,0.15176817774772644,0.9853519797325134,0,-0.026263872161507607,11.321928024291992,0.31961092352867126,1,0.9991359710693359,0.03277266025543213,-0.02555130608379841,0,-0.03086712770164013,0.9969480037689209,0.07170592248439789,0,0.02782333642244339,-0.07085533440113068,0.997098982334137,0,0,1.2427419424057007,-0.1856590062379837,1,0.999875009059906,-0.0005728565156459808,-0.015791095793247223,0,0.0027231776621192694,0.990638017654419,0.1364910751581192,0,0.015565058216452599,-0.13651691377162933,0.9905150532722473,0,0,1.4659559726715088,0,1,0.9998340606689453,0.0026365655940026045,-0.01805187575519085,0,-0.0002013999765040353,0.9910370111465454,0.133590966463089,0,0.018242279067635536,-0.1335650235414505,0.9908720254898071,0,0,1.6753770112991333,0,1,0.9999629855155945,-0.000060121317801531404,0.008630325086414814,0,-0.0010951650328934193,0.991007924079895,0.13379624485969543,0,-0.00856076367199421,-0.13380073010921478,0.990971028804779,0,0,1.8847999572753906,0,1,0.9922099709510803,0.006105100270360708,0.1244252398610115,0,0.020657986402511597,0.9769059419631958,-0.21266721189022064,0,-0.12285014986991882,0.21358096599578857,0.9691699743270874,0,0,0.855912983417511,0.3470599949359894,1,0.07103769481182098,0.006593289319425821,-0.9974520802497864,0,0.9093177914619446,-0.4114503860473633,0.06204110383987427,0,-0.40999293327331543,-0.911408007144928,-0.03522387892007828,0,0.652642011642456,1.576030969619751,-0.03514900058507919,1,0.8883678317070007,0.22070583701133728,-0.40260544419288635,0,0.1533566117286682,0.6838847398757935,0.7132900953292847,0,0.43276306986808777,-0.6954063177108765,0.57369464635849,0,0,1.451390027999878,0,1,0.7719459533691406,0.6352389454841614,-0.02389814704656601,0,-0.6355538368225098,0.7704631686210632,-0.04958416521549225,0,-0.013085146434605122,0.05346482992172241,0.9984840154647827,0,0,3.2703590393066406,0,1,0.7067321538925171,0.07229971140623093,-0.7037780284881592,0,-0.1997564733028412,0.9746820330619812,-0.10046505182981491,0,0.6786954402923584,0.2115858644247055,0.7032806873321533,0,0,2.8214590549468994,0,1,0.8944127559661865,0.4316527545452118,-0.11705642938613892,0,-0.42534390091896057,0.9018620848655701,0.07567553222179413,0,0.13823433220386505,-0.017895923927426338,0.9902380704879761,0,-0.3050509989261627,0.43549299240112305,0,1,0.9739168882369995,-0.08836183696985245,-0.20899146795272827,0,0.10083208978176117,0.9936580061912537,0.04976579546928406,0,0.2032686024904251,-0.06954078376293182,0.9766498804092407,0,-0.06800000369548798,0.4198940098285675,0,1,0.9218265414237976,0.2658063769340515,-0.2821043133735657,0,-0.3681122362613678,0.8282647728919983,-0.42245930433273315,0,0.12136464565992355,0.4932801127433777,0.8613627552986145,0,-0.004792999941855669,0.4857949912548065,0,1,0.8488258719444275,0.5120210647583008,0.13163915276527405,0,-0.5049028396606445,0.711306095123291,0.48899492621421814,0,0.1567400097846985,-0.4815366268157959,0.8622961640357971,0,0,0.9967560172080994,0,1,0.9534950852394104,0.2874677777290344,0.09059961140155792,0,-0.2962808310985565,0.8387323617935181,0.45688748359680176,0,0.0553516261279583,-0.4624832272529602,0.8848989605903625,0,0.060189999639987946,0.5512700080871582,0,1,0.9511189460754395,0.30716222524642944,0.03199438750743866,0,-0.29962241649627686,0.892713189125061,0.3365849554538727,0,0.07482436299324036,-0.32971858978271484,0.9411091208457947,0,-0.026318000629544258,0.4993000030517578,0,1,0.005326033104211092,0.004752017557621002,0.9999749660491943,0,-0.8770169019699097,-0.4804091155529022,0.0069540743716061115,0,0.48043015599250793,-0.8770318627357483,0.0016089812852442265,0,-0.652642011642456,1.5792399644851685,-0.05662799999117851,1,0.954404354095459,0.019045501947402954,0.2979099154472351,0,-0.23789232969284058,0.6513902544975281,0.7204844355583191,0,-0.18033358454704285,-0.7585037350654602,0.6262203454971313,0,0,1.451390027999878,0,1,0.6492929458618164,-0.7599852085113525,0.029011262580752373,0,0.7603745460510254,0.6478885412216187,-0.04550524801015854,0,0.01578725501894951,0.05160566791892052,0.9985429644584656,0,0,3.2765069007873535,0,1,0.6517177820205688,0.003240738296881318,0.7584542632102966,0,0.05522265285253525,0.9971340298652649,-0.0517117977142334,0,-0.75644850730896,0.07558538764715195,0.6496712565422058,0,0,2.8292040824890137,0,1,0.8593930602073669,-0.45020079612731934,0.24241015315055847,0,0.43539154529571533,0.8929002285003662,0.11473081260919571,0,-0.26809999346733093,0.006944471038877964,0.9633659720420837,0,0.32116401195526123,0.5079699754714966,0,1,0.9969490170478821,0.062406860291957855,0.04688115790486336,0,-0.06488283723592758,0.9964689612388611,0.05329180136322975,0,-0.04338984936475754,-0.0561710000038147,0.9974780082702637,0,0.08328499644994736,0.4735170006752014,0,1,0.9927080273628235,-0.027401655912399292,-0.11738792806863785,0,-0.004355085082352161,0.9650319814682007,-0.2620950937271118,0,0.120464988052845,0.2606952488422394,0.9578760266304016,0,-0.002070999937132001,0.4775800108909607,0,1,0.7767776250839233,-0.617287278175354,-0.1247885450720787,0,0.6240025162696838,0.7276312112808228,0.2849116325378418,0,-0.08507229387760162,-0.2991814613342285,0.9503968358039856,0,0,1.0201549530029297,0,1,0.9751797914505005,-0.21524567902088165,-0.05189120024442673,0,0.21889173984527588,0.9019646048545837,0.37221747636795044,0,-0.033314190804958344,-0.37433770298957825,0.9266936779022217,0,-0.07540299743413925,0.5894140005111694,0,1,0.8783054947853088,-0.47233474254608154,-0.07402744144201279,0,0.4638955295085907,0.8044694662094116,0.37098556756973267,0,-0.11567652970552444,-0.3601795732975006,0.9256837368011475,0,0.0557279996573925,0.5480239987373352,0,1,-0.9922658801078796,-0.11729374527931213,0.040637239813804626,0,0.11763596534729004,-0.9930378794670105,0.006128063425421715,0,0.039635512977838516,0.01086106151342392,0.9991549849510193,0,1.022987961769104,-0.6898429989814758,-0.1812169998884201,1,0.9991400837898254,0.015918133780360222,-0.03829736262559891,0,-0.040403541177511215,0.5820077657699585,-0.8121792078018188,0,0.009360984899103642,0.8130278587341309,0.5821501612663269,0,0,5.231299877166748,0,1,0.9716280102729797,-0.23404395580291748,0.03410613536834717,0,0.06737150996923447,0.4121035635471344,0.9086428284645081,0,-0.22671760618686676,-0.8805649876594543,0.41617923974990845,0,0,4.76700496673584,0,1,0.9874950647354126,0.004460794385522604,0.15758982300758362,0,-0.11977627873420715,0.6711874008178711,0.7315475344657898,0,-0.10250890254974365,-0.7412742972373962,0.6633277535438538,0,0,1.9788390398025513,0,1,-0.9957029819488525,0.0310277808457613,-0.08725257217884064,0,-0.046553224325180054,-0.9822010397911072,0.1819736510515213,0,-0.08005333691835403,0.18525362014770508,0.9794251322746277,0,-1.022987961769104,-0.6898429989814758,-0.09872400015592575,1,0.9982780814170837,-0.037669673562049866,-0.0449657067656517,0,0.0007933929446153343,0.77515709400177,-0.6317678093910217,0,0.05865399166941643,0.6306443810462952,0.7738524079322815,0,0,5.234388828277588,0,1,0.9948670864105225,0.0017051786417141557,-0.10118073225021362,0,0.09614413976669312,0.2960130274295807,0.9503329992294312,0,0.03157127648591995,-0.9551821351051331,0.2943294644355774,0,0,4.769873142242432,0,1,0.9823639988899231,0.0006959427846595645,-0.18697795271873474,0,0.10760494321584702,0.8156981468200684,0.5683819055557251,0,0.15291300415992737,-0.578477144241333,0.8012369275093079,0,0,1.9828089475631714,0,1
K0.100,0.9949960112571716,-0.011089105159044266,-0.09929387271404266,0,-0.005326105281710625,0.9865210652351379,-0.16354572772979736,0,0.09976912289857864,0.16325627267360687,0.9815258979797363,0,-0.030688999220728874,11.229198455810547,0.41897499561309814,1,0.9990910291671753,0.04082965850830078,0.012213935144245625,0,-0.04148334637284279,0.9973860383033752,0.05917106568813324,0,-0.009766072034835815,-0.05962394177913666,0.9981729984283447,0,0,1.2427419424057007,-0.1856590062379837,1,0.9999759793281555,0.00003810520502156578,-0.006981067359447479,0,0.0009151051053777337,0.9906409978866577,0.1364879608154297,0,0.006920930929481983,-0.13649104535579681,0.9906169176101685,0,0,1.4659559726715088,0,1,0.9999520778656006,0.0032798233442008495,-0.00923740491271019,0,-0.002017176477238536,0.9910439848899841,0.1335190087556839,0,0.009592591784894466,-0.13349397480487823,0.9910029768943787,0,0,1.6753770112991333,0,1,0.9999960064888,-0.0008380202925764024,0.0026338566094636917,0,0.0004789798113051802,0.9910529255867004,0.13347141444683075,0,-0.0027221422642469406,-0.1334695816040039,0.99104905128479,0,0,1.8847999572753906,0,1,0.9949859380722046,0.0015516816638410091,0.10000143200159073,0,0.019218681380152702,0.9782790541648865,-0.20640000700950623,0,-0.09814956784248352,0.20728699862957,0.9733440279960632,0,0,0.855912983417511,0.3470599949359894,1,0.07238255441188812,0.006655693985521793,-0.9973549246788025,0,0.906305193901062,-0.417903333902359,0.06298579275608063,0,-0.41637879610061646,-0.9084669947624207,-0.036280903965234756,0,0.652642011642456,1.576030969619751,-0.03514900058507919,1,0.9104430675506592,0.21536600589752197,-0.3531450927257538,0,0.10689099133014679,0.7022601366043091,0.7038498520851135,0,0.39958494901657104,-0.6785629987716675,0.6163470149040222,0,0,1.451390027999878,0,1,0.7494728565216064,0.6615380644798279,-0.02565096504986286,0,-0.6618659496307373,0.7478420734405518,-0.05163700878620148,0,-0.014976965263485909,0.05567798763513565,0.9983360171318054,0,0,3.2703590393066406,0,1,0.6880118250846863,0.10812503099441528,-0.7175991535186768,0,-0.2274339646100998,0.9711480736732483,-0.07172784954309464,0,0.6891399025917053,0.2125561535358429,0.6927530765533447,0,0,2.8214590549468994,0,1,0.8964329957962036,0.4078350365161896,-0.17342926561832428,0,-0.39262697100639343,0.9123489260673523,0.11603625863790512,0,0.20555174350738525,-0.0359257347881794,0.9779871106147766,0,-0.3050509989261627,0.43549299240112305,0,1,0.9834070801734924,-0.08781275898218155,-0.1587449312210083,0,0.09995122998952866,0.9925159215927124,0.07015768438577652,0,0.15139609575271606,-0.08486028760671616,0.9848239421844482,0,-0.06800000369548798,0.4198940098285675,0,1,0.9538549184799194,0.25183990597724915,-0.16351443529129028,0,-0.29833710193634033,0.8565199971199036,-0.4211518466472626,0,0.03399055451154709,0.45050013065338135,0.8921289443969727,0,-0.004792999941855669,0.4857949912548065,0,1,0.8350751996040344,0.5310837626457214,0.14352594316005707,0,-0.5195763111114502,0.6756306290626526,0.5230332016944885,0,0.18080393970012665,-0.511344850063324,0.8401411175727844,0,0,0.9967560172080994,0,1,0.9414190649986267,0.3198886215686798,0.1067773848772049,0,-0.329912394285202,0.8079449534416199,0.48824381828308105,0,0.06991339474916458,-0.4948691427707672,0.86614990234375,0,0.060189999639987946,0.5512700080871582,0,1,0.9388270378112793,0.34169378876686096,0.043008022010326385,0,-0.3324151933193207,0.8664448857307434,0.3725239634513855,0,0.09002502262592316,-0.3640320301055908,0.9270259141921997,0,-0.026318000629544258,0.4993000030517578,0,1,-0.008497881703078747,0.001822387333959341,0.9999619722366333,0,-0.884078860282898,-0.4672912359237671,-0.006661479827016592,0,0.46726131439208984,-0.8841017484664917,0.005582143552601337,0,-0.652642011642456,1.5792399644851685,-0.05662799999117851,1,0.894430935382843,0.03912597894668579,0.44549110531806946,0,-0.3641800284385681,0.6418808102607727,0.6748051047325134,0,-0.2595498859882355,-0.7658059000968933,0.588367223739624,0,0,1.451390027999878,0,1,0.5882930159568787,-0.8079879879951477,0.032661907374858856,0,0.8084021210670471,0.586638867855072,-0.04837900027632713,0,0.019928907975554466,0.054864998906850815,0.9982950091362,0,0,3.2765069007873535,0,1,0.7205150723457336,0.0073938979767262936,0.6933988928794861,0,0.06301489472389221,0.9951079487800598,-0.0760902613401413,0,-0.690570056438446,0.0985187292098999,0.7165250182151794,0,0,2.8292040824890137,0,1,0.8452399969100952,-0.478456050157547,0.23801177740097046,0,0.4690189063549042,0.8776580095291138,0.09868093580007553,0,-0.25610724091529846,0.028222927823662758,0.966235876083374,0,0.32116401195526123,0.5079699754714966,0,1,0.9956880211830139,0.08030197024345398,0.04643906652927399,0,-0.0832730382680893,0.9943360090255737,0.0660398006439209,0,-0.040872931480407715,-0.06962219625711441,0.9967359900474548,0,0.08328499644994736,0.4735170006752014,0,1,0.9919319152832031,0.003647933015599847,-0.12672024965286255,0,-0.034224070608615875,0.9701769351959229,-0.23996800184249878,0,0.12206576764583588,0.24236898124217987,0.962475061416626,0,-0.002070999937132001,0.4775800108909607,0,1,0.7984499931335449,-0.5937420725822449,-0.0997408851981163,0,0.5973380208015442,0.7605289816856384,0.2545241713523865,0,-0.07526589184999466,-0.262803852558136,0.9619090557098389,0,0,1.0201549530029297,0,1,0.9842299222946167,-0.17242327332496643,-0.039510369300842285,0,0.17555572092533112,0.9247120022773743,0.33776798844337463,0,-0.021703368052840233,-0.3393779397010803,0.9404000639915466,0,-0.07540299743413925,0.5894140005111694,0,1,0.8985980749130249,-0.43467673659324646,-0.05981886014342308,0,0.42806220054626465,0.8385369181632996,0.33707395195961,0,-0.09635786712169647,-0.32850006222724915,0.9395760297775269,0,0.0557279996573925,0.5480239987373352,0,1,-0.9891109466552734,-0.13831287622451782,0.05029192939400673,0,0.13245710730552673,-0.9855669736862183,-0.10542076826095581,0,0.06414707005023956,-0.09761125594377518,0.9931550025939941,0,1.022987961769104,-0.6898429989814758,-0.1812169998884201,1,0.9945059418678284,0.0037148979026824236,-0.10461235791444778,0,-0.08568811416625977,0.602914035320282,-0.7931909561157227,0,0.06012563407421112,0.7977970838546753,0.5999199151992798,0,0,5.231299877166748,0,1,0.9594029784202576,-0.28053712844848633,0.029075821861624718,0,0.08564989268779755,0.3880218267440796,0.9176620841026306,0,-0.26872017979621887,-0.8779169321060181,0.39629706740379333,0,0,4.76700496673584,0,1,0.9856460094451904,-0.0032829605042934418,0.16879194974899292,0,-0.11929495632648468,0.6939120292663574,0.7101089954376221,0,-0.11945801228284836,-0.7200520038604736,0.6835599541664124,0,0,1.9788390398025513,0,1,-0.9949370622634888,0.027390986680984497,-0.09670010209083557,0,-0.04826701432466507,-0.9741511344909668,0.22067894041538239,0,-0.08815589547157288,0.22422906756401062,0.9705410003662109,0,-1.022987961769104,-0.6898429989814758,-0.09872400015592575,1,0.9977239966392517,-0.03691598400473595,-0.05642285943031311,0,-0.009896986186504364,0.7475619912147522,-0.6641180515289307,0,0.06669614464044571,0.6631648540496826,0.7454950213432312,0,0,5.234388828277588,0,1,0.9947649240493774,-0.0016927295364439487,-0.10217919200658798,0,0.09782826900482178,0.3048708140850067,0.9473560452461243,0,0.029547814279794693,-0.9523919224739075,0.3034401834011078,0,0,4.769873142242432,0,1,0.9823639988899231,0.0006958211888559163,-0.18697789311408997,0,0.10760482400655746,0.8156980276107788,0.5683808922767639,0,0.15291309356689453,-0.5784770250320435,0.8012380003929138,0,0,1.9828089475631714,0,1
