3.267,30,97,41
B0,mixamorig_Hips,-1,0.9979079961776733,-0.008211633190512657,0.06413020938634872,0,0.00392037583515048,0.9977619647979736,0.06675606966018677,0,-0.06453481316566467,-0.06636495143175125,0.9957060217857361,0,-0.006405999884009361,11.727388381958008,0.15904200077056885,1
B1,mixamorig_Spine,0,0.9999840259552002,0.0009808784816414118,-0.005557767115533352,0,-0.0017751522827893496,0.9894640445709229,-0.14476673305034637,0,0.005357211921364069,0.14477428793907166,0.9894499778747559,0,0,1.2427419424057007,-0.1856590062379837,1
B2,mixamorig_Spine1,1,0.9999500513076782,-0.001067016157321632,-0.009987957775592804,0,0.0011559886625036597,0.9999600052833557,0.008906454779207706,0,0.009978041984140873,-0.008917544037103653,0.9999099969863892,0,0,1.4659559726715088,0,1
B3,mixamorig_Spine2,2,0.9999489784240723,-0.0011681235628202558,-0.010027865879237652,0,0.0012568767415359616,0.9999600052833557,0.008848920464515686,0,0.010017134249210358,-0.008861078880727291,0.9999110698699951,0,0,1.6753770112991333,0,1
B4,mixamorig_Neck,3,0.998621940612793,0.04769110679626465,0.02190365642309189,0,-0.04600084573030472,0.9963369369506836,-0.07208643853664398,0,-0.02526130899786949,0.0709795281291008,0.9971579909324646,0,0,1.8847999572753906,0,1
B5,mixamorig_Head,4,0.9974610209465027,-0.03462779521942139,-0.06223477050662041,0,0.045030247420072556,0.9836419224739075,0.17441315948963165,0,0.055177196860313416,-0.176772803068161,0.9827039837837219,0,0,0.855912983417511,0.3470599949359894,1
B6,mixamorig_HeadTop_End,5,1,0,0,0,0,1,0,0,0,0,1,0,0,2.8392999172210693,1.1512919664382935,1
B7,mixamorig_LeftShoulder,3,0.15594398975372314,0.021645713597536087,-0.987528920173645,0,0.9176470041275024,-0.3731350004673004,0.13672992587089539,0,-0.3655219078063965,-0.927524983882904,-0.07805124670267105,0,0.652642011642456,1.576030969619751,-0.03514900058507919,1
B8,mixamorig_LeftArm,7,0.903101921081543,0.2978980243206024,-0.3092942237854004,0,0.08868283033370972,0.5753449201583862,0.8130890727043152,0,0.42016881704330444,-0.7617320418357849,0.4931770861148834,0,0,1.451390027999878,0,1
B9,mixamorig_LeftForeArm,8,0.9750049710273743,0.22203801572322845,-0.00805678404867649,0,-0.22214798629283905,0.9748590588569641,-0.017330218106508255,0,0.0040062591433525085,0.01868683286011219,0.9998170137405396,0,0,3.2703590393066406,0,1
B10,mixamorig_LeftHand,9,0.7160190939903259,0.13059382140636444,-0.6857559680938721,0,-0.04139820858836174,0.9885599613189697,0.14503400027751923,0,0.6968522071838379,-0.07545812427997589,0.7132349610328674,0,0,2.8214590549468994,0,1
B11,mixamorig_LeftHandThumb1,10,0.9381011724472046,0.32503873109817505,-0.11965274810791016,0,-0.34620633721351624,0.8903170824050903,-0.2957644760608673,0,0.010393976233899593,0.3188815116882324,0.9477378726005554,0,-0.3050509989261627,0.43549299240112305,0,1
B12,mixamorig_LeftHandThumb2,11,0.9743709564208984,-0.18787488341331482,-0.12371224164962769,0,0.22216001152992249,0.8900188207626343,0.39813432097435,0,0.03530680015683174,-0.41541460156440735,0.9089471101760864,0,-0.06800000369548798,0.4198940098285675,0,1
B13,mixamorig_LeftHandThumb3,12,0.987500011920929,0.1373269259929657,-0.07736276090145111,0,-0.13782307505607605,0.9904559850692749,-0.0010861157206818461,0,0.07647524774074554,0.011734912171959877,0.9970020055770874,0,-0.004792999941855669,0.4857949912548065,0,1
B14,mixamorig_LeftHandThumb4,13,1,0,0,0,0,1,0,0,0,0,1,0,0.07279200106859207,0.44150298833847046,0,1
B15,mixamorig_LeftHandIndex1,10,0.9350998997688293,0.351957231760025,0.04140095040202141,0,-0.34566882252693176,0.8801090717315674,0.3254549503326416,0,0.07810889929533005,-0.31864407658576965,0.9446509480476379,0,0,0.9967560172080994,0,1
B16,mixamorig_LeftHandIndex2,15,0.9747370481491089,0.21503174304962158,0.06040120869874954,0,-0.22148017585277557,0.8955899477005005,0.38583120703697205,0,0.028871240094304085,-0.3894616961479187,0.9205900430679321,0,0.060189999639987946,0.5512700080871582,0,1
B17,mixamorig_LeftHandIndex3,16,0.9754839539527893,0.2197842001914978,0.011213417164981365,0,-0.21575665473937988,0.9450830817222595,0.24549509584903717,0,0.043358318507671356,-0.24189582467079163,0.9693329930305481,0,-0.026318000629544258,0.4993000030517578,0,1
B18,mixamorig_LeftHandIndex4,17,1,0,0,0,0,1,0,0,0,0,1,0,-0.033872999250888824,0.5011600255966187,0,1
B19,mixamorig_RightShoulder,3,0.1795131266117096,-0.028064077720046043,0.983354926109314,0,-0.9040018916130066,-0.39896708726882935,0.15364086627960205,0,0.3880148231983185,-0.9165359735488892,-0.09698981791734695,0,-0.652642011642456,1.5792399644851685,-0.05662799999117851,1
B20,mixamorig_RightArm,19,0.9811879992485046,-0.13670329749584198,0.13631494343280792,0,-0.03713618218898773,0.5592612028121948,0.8281589150428772,0,-0.1894477754831314,-0.817642092704773,0.5436638593673706,0,0,1.451390027999878,0,1
B21,mixamorig_RightForeArm,20,0.9913709759712219,-0.13080795109272003,0.008539664559066296,0,0.13087505102157593,0.9913680553436279,-0.00783300306648016,0,-0.007441331632435322,0.008883040398359299,0.9999330043792725,0,0,3.2765069007873535,0,1
B22,mixamorig_RightHand,21,0.5434430241584778,-0.10828094184398651,0.8324329853057861,0,-0.01601399853825569,0.9901279807090759,0.1392480731010437,0,-0.8392929434776306,-0.08900396525859833,0.536344051361084,0,0,2.8292040824890137,0,1
B23,mixamorig_RightHandThumb1,22,0.9184032082557678,-0.30090266466140747,-0.2568908929824829,0,0.3016013503074646,0.9526898860931396,-0.03766292333602905,0,0.25607016682624817,-0.04288887977600098,0.965705931186676,0,0.32116401195526123,0.5079699754714966,0,1
B24,mixamorig_RightHandThumb2,23,0.9801340103149414,0.14227105677127838,0.13819022476673126,0,-0.17448385059833527,0.9497930407524109,0.25971075892448425,0,-0.09430275112390518,-0.27866318821907043,0.9557480216026306,0,0.08328499644994736,0.4735170006752014,0,1
B25,mixamorig_RightHandThumb3,24,0.9693329334259033,0.13745294511318207,0.20371505618095398,0,-0.11671805381774902,0.9869899749755859,-0.11057610809803009,0,-0.21626392006874084,0.0834079161286354,0.9727660417556763,0,-0.002070999937132001,0.4775800108909607,0,1
B26,mixamorig_RightHandThumb4,25,1,0,0,0,0,1,0,0,0,0,1,0,-0.08121500164270401,0.3971160054206848,0,1
B27,mixamorig_RightHandIndex1,22,0.9381690621376038,-0.3461788594722748,-0.00020706217037513852,0,0.33508411049842834,0.9079509377479553,0.25168222188949585,0,-0.0869390144944191,-0.23618975281715393,0.9678100347518921,0,0,1.0201549530029297,0,1
B28,mixamorig_RightHandIndex2,27,0.9874210953712463,-0.15423664450645447,-0.03480881452560425,0,0.1571623980998993,0.9332500100135803,0.3230249881744385,0,-0.017336944118142128,-0.32443201541900635,0.9457499980926514,0,-0.07540299743413925,0.5894140005111694,0,1
B29,mixamorig_RightHandIndex3,28,0.9665030241012573,-0.25609999895095825,-0.016880949959158897,0,0.2549540102481842,0.95045405626297,0.17786608636379242,0,-0.029506927356123924,-0.1762119084596634,0.9839100241661072,0,0.0557279996573925,0.5480239987373352,0,1
B30,mixamorig_RightHandIndex4,29,1,0,0,0,0,1,0,0,0,0,1,0,0.019675999879837036,0.41751301288604736,0,1
B31,mixamorig_LeftUpLeg,0,-0.9616820812225342,-0.14174798130989075,0.23468011617660522,0,0.173006072640419,-0.9777820706367493,0.11836619675159454,0,0.2126879096031189,0.1544317901134491,0.964838981628418,0,1.022987961769104,-0.6898429989814758,-0.1812169998884201,1
B32,mixamorig_LeftLeg,31,0.9961729645729065,0.02643224410712719,0.08331692218780518,0,-0.009548733942210674,0.980385959148407,-0.19685809314250946,0,-0.08688602596521378,0.1953088790178299,0.9768850803375244,0,0,5.231299877166748,0,1
B33,mixamorig_LeftFoot,32,0.9947720766067505,-0.08779601752758026,0.05215077102184296,0,0.0017347915563732386,0.5251529812812805,0.851006031036377,0,-0.1021021232008934,-0.8464670181274414,0.5225601196289062,0,0,4.76700496673584,0,1
B34,mixamorig_LeftToeBase,33,0.9822130799293518,-0.0015819992404431105,0.18776509165763855,0,-0.10598696768283844,0.8207700252532959,0.5613410472869873,0,-0.15499992668628693,-0.5712568759918213,0.8060030341148376,0,0,1.9788390398025513,0,1
B35,mixamorig_LeftToe_End,34,1,0,0,0,0,1,0,0,0,0,1,0,0,0.7514830231666565,0,1
B36,mixamorig_RightUpLeg,0,-0.9783689975738525,0.12334500998258591,-0.1660710722208023,0,-0.14551600813865662,-0.9809490442276001,0.12869893014431,0,-0.14703291654586792,0.150081068277359,0.9776790142059326,0,-1.022987961769104,-0.6898429989814758,-0.09872400015592575,1
B37,mixamorig_RightLeg,36,0.9992780089378357,-0.028435364365577698,0.025190938264131546,0,0.03184264525771141,0.9885900020599365,-0.14722506701946259,0,-0.020717117935419083,0.14792095124721527,0.9887819886207581,0,0,5.234388828277588,0,1
B38,mixamorig_RightFoot,37,0.9935519695281982,0.10112003982067108,-0.051275961101055145,0,-0.012683003209531307,0.5485473871231079,0.8360236883163452,0,0.11266598850488663,-0.8299822211265564,0.5462926030158997,0,0,4.769873142242432,0,1
B39,mixamorig_RightToeBase,38,0.9818360209465027,0.0016149069415405393,-0.1897219717502594,0,0.1067889928817749,0.8218247890472412,0.5596423149108887,0,0.1568221002817154,-0.5697376132011414,0.806725263595581,0,0,1.9828089475631714,0,1
B40,mixamorig_RightToe_End,39,1,0,0,0,0,1,0,0,0,0,1,0,0,0.7492420077323914,0,1
@34,0,1,2,3,4,5,7,8,9,10,11,12,13,15,16,17,19,20,21,22,23,24,25,27,28,29,31,32,33,34,36,37,38,39
K0,0.049895402044057846,-0.0004105814441572875,0.0032065105624496937,0,0.00019601863459683955,0.04988810047507286,0.00333780306391418,0,-0.003226740285754204,-0.003318247152492404,0.049785301089286804,0,-0.00032029999420046806,0.5863694548606873,0.007952100597321987,1,0.9999840259552002,0.0009808622999116778,-0.005557775963097811,0,-0.0017751376144587994,0.9894640445709229,-0.14476673305034637,0,0.005357223562896252,0.14477428793907166,0.9894499778747559,0,0,1.2427419424057007,-0.1856590062379837,1,0.9999500513076782,-0.0010670138290151954,-0.009987957775592804,0,0.0011559863341972232,0.9999600052833557,0.008906455710530281,0,0.009978041984140873,-0.008917544968426228,0.9999099969863892,0,0,1.4659559726715088,0,1,0.9999489784240723,-0.001168123446404934,-0.010027865879237652,0,0.0012568766251206398,0.9999600052833557,0.008848920464515686,0,0.010017134249210358,-0.008861078880727291,0.9999110698699951,0,0,1.6753770112991333,0,1,0.998621940612793,0.04769112914800644,0.021903671324253082,0,-0.04600086808204651,0.9963369369506836,-0.07208645343780518,0,-0.025261327624320984,0.070979543030262,0.9971579909324646,0,0,1.8847999572753906,0,1,0.9974610209465027,-0.0346277691423893,-0.0622347816824913,0,0.045030225068330765,0.9836419224739075,0.17441315948963165,0,0.05517721548676491,-0.176772803068161,0.9827039837837219,0,0,0.855912983417511,0.3470599949359894,1,0.15594373643398285,0.02164565585553646,-0.9875289797782898,0,0.917647123336792,-0.3731348216533661,0.13672971725463867,0,-0.36552175879478455,-0.9275250434875488,-0.07805107533931732,0,0.652642011642456,1.576030969619751,-0.03514900058507919,1,0.903101921081543,0.2978978753089905,-0.3092942237854004,0,0.0886828824877739,0.575344979763031,0.8130890130996704,0,0.4201687276363373,-0.7617320418357849,0.4931771755218506,0,0,1.451390027999878,0,1,0.9750049710273743,0.22203803062438965,-0.00805675983428955,0,-0.22214800119400024,0.9748590588569641,-0.017330195754766464,0,0.004006240516901016,0.018686804920434952,0.9998170137405396,0,0,3.2703590393066406,0,1,0.7160190939903259,0.13059379160404205,-0.6857559680938721,0,-0.04139821231365204,0.9885600209236145,0.14503394067287445,0,0.6968522071838379,-0.07545807957649231,0.7132349610328674,0,0,2.8214590549468994,0,1,0.9381011724472046,0.3250386714935303,-0.1196528896689415,0,-0.34620633721351624,0.8903170824050903,-0.2957644760608673,0,0.010394113138318062,0.3188815712928772,0.9477378129959106,0,-0.3050509989261627,0.43549299240112305,0,1,0.9743709564208984,-0.1878749281167984,-0.12371222674846649,0,0.22216004133224487,0.8900187611579895,0.39813432097435,0,0.03530675917863846,-0.41541460156440735,0.9089471101760864,0,-0.06800000369548798,0.4198940098285675,0,1,0.987500011920929,0.1373269259929657,-0.07736275345087051,0,-0.13782307505607605,0.9904559850692749,-0.001086102332919836,0,0.07647524029016495,0.011734897270798683,0.9970020055770874,0,-0.004792999941855669,0.4857949912548065,0,1,0.9350998997688293,0.35195720195770264,0.04140091687440872,0,-0.345668762922287,0.8801091313362122,0.3254549205303192,0,0.07810891419649124,-0.3186440169811249,0.9446510076522827,0,0,0.9967560172080994,0,1,0.9747370481491089,0.21503180265426636,0.06040124595165253,0,-0.22148023545742035,0.8955898880958557,0.38583123683929443,0,0.028871241956949234,-0.3894617557525635,0.9205900430679321,0,0.060189999639987946,0.5512700080871582,0,1,0.9754839539527893,0.21978425979614258,0.01121337991207838,0,-0.21575669944286346,0.9450830221176147,0.24549514055252075,0,0.04335838183760643,-0.2418958693742752,0.9693329930305481,0,-0.026318000629544258,0.4993000030517578,0,1,0.1795128732919693,-0.028063936159014702,0.9833549857139587,0,-0.9040019512176514,-0.3989671766757965,0.1536407321691513,0,0.38801494240760803,-0.9165360331535339,-0.09698966145515442,0,-0.652642011642456,1.5792399644851685,-0.05662799999117851,1,0.9811879396438599,-0.13670331239700317,0.13631509244441986,0,-0.03713631629943848,0.5592612028121948,0.8281588554382324,0,-0.18944787979125977,-0.8176420331001282,0.5436638593673706,0,0,1.451390027999878,0,1,0.9913709759712219,-0.13080795109272003,0.00853966549038887,0,0.13087505102157593,0.9913680553436279,-0.007832981646060944,0,-0.007441334892064333,0.008883019909262657,0.9999330043792725,0,0,3.2765069007873535,0,1,0.543442964553833,-0.1082809716463089,0.8324330449104309,0,-0.016013966873288155,0.9901279807090759,0.1392480731010437,0,-0.8392930030822754,-0.08900392800569534,0.5363439917564392,0,0,2.8292040824890137,0,1,0.9184032082557678,-0.3009026348590851,-0.2568908631801605,0,0.3016013205051422,0.9526898860931396,-0.03766288980841637,0,0.2560701370239258,-0.04288889467716217,0.9657059907913208,0,0.32116401195526123,0.5079699754714966,0,1,0.9801340103149414,0.14227108657360077,0.13819023966789246,0,-0.17448389530181885,0.9497930407524109,0.25971078872680664,0,-0.09430275112390518,-0.2786632180213928,0.9557480216026306,0,0.08328499644994736,0.4735170006752014,0,1,0.9693329334259033,0.13745294511318207,0.20371505618095398,0,-0.11671805381774902,0.9869899749755859,-0.1105760931968689,0,-0.21626392006874084,0.08340790122747421,0.9727660417556763,0,-0.002070999937132001,0.4775800108909607,0,1,0.9381690621376038,-0.34617888927459717,-0.0002070466725854203,0,0.33508411049842834,0.9079509377479553,0.25168225169181824,0,-0.08693904429674149,-0.23618975281715393,0.9678100347518921,0,0,1.0201549530029297,0,1,0.9874210953712463,-0.15423661470413208,-0.03480887785553932,0,0.1571623980998993,0.9332500100135803,0.3230249881744385,0,-0.017336875200271606,-0.32443201541900635,0.9457499980926514,0,-0.07540299743413925,0.5894140005111694,0,1,0.9665030241012573,-0.25609999895095825,-0.016880936920642853,0,0.2549540102481842,0.95045405626297,0.17786607146263123,0,-0.02950693666934967,-0.1762118935585022,0.9839100241661072,0,0.0557279996573925,0.5480239987373352,0,1,-0.9616820812225342,-0.14174795150756836,0.23468010127544403,0,0.17300604283809662,-0.9777820706367493,0.11836621910333633,0,0.2126878947019577,0.1544318050146103,0.964838981628418,0,1.022987961769104,-0.6898429989814758,-0.1812169998884201,1,0.9961729645729065,0.026432257145643234,0.08331694453954697,0,-0.009548740461468697,0.980385959148407,-0.19685810804367065,0,-0.08688604831695557,0.1953088939189911,0.9768850207328796,0,0,5.231299877166748,0,1,0.9947720170021057,-0.087796151638031,0.05215076357126236,0,0.001734857214614749,0.5251529216766357,0.851006031036377,0,-0.10210223495960236,-0.8464670181274414,0.5225600600242615,0,0,4.76700496673584,0,1,0.9822130799293518,-0.001581990160048008,0.18776509165763855,0,-0.10598698258399963,0.8207700252532959,0.5613410472869873,0,-0.15499989688396454,-0.5712568759918213,0.8060029745101929,0,0,1.9788390398025513,0,1,-0.9783689975738525,0.12334500998258591,-0.1660710871219635,0,-0.14551600813865662,-0.9809490442276001,0.12869893014431,0,-0.1470329314470291,0.150081068277359,0.9776790142059326,0,-1.022987961769104,-0.6898429989814758,-0.09872400015592575,1,0.9992780089378357,-0.0284353606402874,0.025190910324454308,0,0.031842634081840515,0.9885900020599365,-0.1472250521183014,0,-0.020717089995741844,0.14792093634605408,0.9887819886207581,0,0,5.234388828277588,0,1,0.9935519695281982,0.10112003237009048,-0.05127600207924843,0,-0.012682963162660599,0.5485473871231079,0.8360236883163452,0,0.11266600340604782,-0.8299822211265564,0.5462926030158997,0,0,4.769873142242432,0,1,0.9818360209465027,0.0016149361617863178,-0.18972191214561462,0,0.10678893327713013,0.8218247890472412,0.5596423149108887,0,0.156822070479393,-0.5697376132011414,0.806725263595581,0,0,1.9828089475631714,0,1
K0.034,0.049895353615283966,-0.0004148385487496853,0.0032066272106021643,0,0.00020094703359063715,0.04988876357674599,0.0033273156732320786,0,-0.0032270995434373617,-0.0033074647653847933,0.04978602007031441,0,-0.0003334149078000337,0.5863749384880066,0.00805024616420269,1,0.9999840259552002,0.0009404618758708239,-0.0056107863783836365,0,-0.00174690131098032,0.9893553256988525,-0.14550945162773132,0,0.005414214916527271,0.14551693201065063,0.9893411993980408,0,0,1.2427419424057007,-0.1856590062379837,1,0.9999480247497559,-0.0011631742818281054,-0.010083966888487339,0,0.0012532506370916963,0.9999589920043945,0.008930890820920467,0,0.010073169134557247,-0.008943067863583565,0.9999089241027832,0,0,1.4659559726715088,0,1,0.9999480843544006,-0.001264288672246039,-0.010123883374035358,0,0.0013541362714022398,0.9999599456787109,0.008872857317328453,0,0.010112252086400986,-0.008886097930371761,0.9999089241027832,0,0,1.6753770112991333,0,1,0.9985776543617249,0.04850633442401886,0.022152597084641457,0,-0.046801455318927765,0.996313214302063,-0.07189297676086426,0,-0.025558194145560265,0.07075396180152893,0.9971664547920227,0,0,1.8847999572753906,0,1,0.9973987936973572,-0.035318028181791306,-0.06282904744148254,0,0.045965179800987244,0.9831293821334839,0.17704270780086517,0,0.05551627650856972,-0.17947010695934296,0.982195258140564,0,0,0.855912983417511,0.3470599949359894,1,0.1560760736465454,0.021608000621199608,-0.9875085949897766,0,0.9178124070167542,-0.37266218662261963,0.13690625131130219,0,-0.3650488555431366,-0.9277155995368958,-0.07799578458070755,0,0.652642011642456,1.576030969619751,-0.03514900058507919,1,0.9031089544296265,0.296101450920105,-0.3109947144985199,0,0.09163383394479752,0.5746643543243408,0.8132431507110596,0,0.41951984167099,-0.7629443407058716,0.4918513894081116,0,0,1.451390027999878,0,1,0.9750581383705139,0.22180253267288208,-0.00805195514112711,0,-0.22191251814365387,0.9749131202697754,-0.01731221377849579,0,0.004010064993053675,0.018667250871658325,0.9998180866241455,0,0,3.2703590393066406,0,1,0.7147678136825562,0.13006386160850525,-0.6871604919433594,0,-0.040869083255529404,0.9886435866355896,0.1446167230606079,0,0.6981659531593323,-0.07528373599052429,0.7119659185409546,0,0,2.8214590549468994,0,1,0.9381009936332703,0.3250380754470825,-0.11965286731719971,0,-0.3462058901786804,0.8903171420097351,-0.2957649230957031,0,0.010394135490059853,0.3188820481300354,0.9477379322052002,0,-0.3050509989261627,0.43549299240112305,0,1,0.9743883013725281,-0.18780213594436646,-0.12368445843458176,0,0.22207407653331757,0.8901336193084717,0.39792686700820923,0,0.035364169627428055,-0.4152023494243622,0.9090416431427002,0,-0.06800000369548798,0.4198940098285675,0,1,0.9873520135879517,0.13747327029705048,-0.07897497713565826,0,-0.13823334872722626,0.9903905987739563,-0.004213276784867048,0,0.07763683795928955,0.0150769567117095,0.996867299079895,0,-0.004792999941855669,0.4857949912548065,0,1,0.9349489808082581,0.35234856605529785,0.04148664325475693,0,-0.34610527753829956,0.8801206946372986,0.3249603807926178,0,0.07798607647418976,-0.3181801438331604,0.9448177218437195,0,0,0.9967560172080994,0,1,0.9747187495231628,0.21511001884937286,0.060429513454437256,0,-0.22156035900115967,0.895535945892334,0.38590875267982483,0,0.028896048665046692,-0.3895414471626282,0.9205559492111206,0,0.060189999639987946,0.5512700080871582,0,1,0.975475013256073,0.21982291340827942,0.011220335960388184,0,-0.21579404175281525,0.9450639486312866,0.24553517997264862,0,0.043370336294174194,-0.24193477630615234,0.9693229794502258,0,-0.026318000629544258,0.4993000030517578,0,1,0.1801731139421463,-0.02791391685605049,0.9832383990287781,0,-0.9038931131362915,-0.3989562392234802,0.1543072909116745,0,0.38796180486679077,-0.9165447354316711,-0.09711244702339172,0,-0.652642011642456,1.5792399644851685,-0.05662799999117851,1,0.9812542796134949,-0.13493776321411133,0.1375938355922699,0,-0.03907288610935211,0.5598379373550415,0.8276803493499756,0,-0.18871565163135529,-0.8175414204597473,0.5440711379051208,0,0,1.451390027999878,0,1,0.9914466738700867,-0.1302337795495987,0.00853479839861393,0,0.13030050694942474,0.9914436936378479,-0.007797970436513424,0,-0.007446211762726307,0.008843359537422657,0.9999330043792725,0,0,3.2765069007873535,0,1,0.5423529148101807,-0.10993535816669464,0.8329274654388428,0,-0.016793321818113327,0.9897854328155518,0.14157333970069885,0,-0.8399826884269714,-0.09077025949954987,0.5349664688110352,0,0,2.8292040824890137,0,1,0.9184032082557678,-0.3009026348590851,-0.2568908631801605,0,0.3016013205051422,0.9526898860931396,-0.03766288980841637,0,0.2560701370239258,-0.04288889467716217,0.9657059907913208,0,0.32116401195526123,0.5079699754714966,0,1,0.9802069664001465,0.1414363533258438,0.13853175938129425,0,-0.17365898191928864,0.9502518177032471,0.2585802972316742,0,-0.09506735950708389,-0.2775193452835083,0.9560046195983887,0,0.08328499644994736,0.4735170006752014,0,1,0.9688278436660767,0.1381211280822754,0.20565953850746155,0,-0.11675632745027542,0.9867479801177979,-0.11268121749162674,0,-0.218497633934021,0.08515659719705582,0.9721148014068604,0,-0.002070999937132001,0.4775800108909607,0,1,0.9383973479270935,-0.3455568552017212,0.00015811991761438549,0,0.33447766304016113,0.9084253311157227,0.25077614188194275,0,-0.08680105209350586,-0.2352747768163681,0.9680449962615967,0,0,1.0201549530029297,0,1,0.9884724617004395,-0.14771346747875214,-0.03320176154375076,0,0.15056705474853516,0.9361535906791687,0.31772086024284363,0,-0.015849707648158073,-0.31905752420425415,0.9476032257080078,0,-0.07540299743413925,0.5894140005111694,0,1,0.9665181040763855,-0.25604140758514404,-0.016872748732566833,0,0.2548964321613312,0.9504783153533936,0.1778143346309662,0,-0.029490666463971138,-0.17616166174411774,0.983919084072113,0,0.0557279996573925,0.5480239987373352,0,1,-0.9616206884384155,-0.14190831780433655,0.23483383655548096,0,0.17314602434635162,-0.9777835011482239,0.11814815551042557,0,0.21285070478916168,0.15427444875240326,0.9648289680480957,0,1.022987961769104,-0.6898429989814758,-0.1812169998884201,1,0.9961907267570496,0.026396196335554123,0.08310764282941818,0,-0.009515531361103058,0.9802980422973633,-0.1972966194152832,0,-0.08667812496423721,0.19575421512126923,0.9768148064613342,0,0,5.231299877166748,0,1,0.9947953224182129,-0.08753345906734467,0.05214708298444748,0,0.0015543486224487424,0.5247794389724731,0.8512365818023682,0,-0.10187748819589615,-0.8467258214950562,0.5221846103668213,0,0,4.76700496673584,0,1,0.9822108745574951,-0.001588233863003552,0.187776580452919,0,-0.10598497092723846,0.820782482624054,0.5613222718238831,0,-0.1550152599811554,-0.5712383985519409,0.8060132265090942,0,0,1.9788390398025513,0,1,-0.9783897399902344,0.12329127639532089,-0.16599082946777344,0,-0.14541301131248474,-0.9809963703155518,0.12845459580421448,0,-0.14699913561344147,0.14981594681739807,0.9777253866195679,0,-1.022987961769104,-0.6898429989814758,-0.09872400015592575,1,0.9992809295654297,-0.0284540094435215,0.02506355196237564,0,0.031850092113018036,0.988533616065979,-0.14760266244411469,0,-0.02057628519833088,0.14829489588737488,0.9887295961380005,0,0,5.234388828277588,0,1,0.9935833215713501,0.10081298649311066,-0.05127231031656265,0,-0.012471682392060757,0.5482198596000671,0.8362413644790649,0,0.11241243779659271,-0.8302355408668518,0.5459591746330261,0,0,4.769873142242432,0,1,0.9817926287651062,0.0017337622120976448,-0.1899498850107193,0,0.10674942284822464,0.8220914006233215,0.5592585802078247,0,0.15712569653987885,-0.5693527460098267,0.8069378137588501,0,0,1.9828089475631714,0,1
K0.067,0.04989560320973396,-0.0004109542933292687,0.003203215077519417,0,0.00019846440409310162,0.04988997057080269,0.0033091739751398563,0,-0.003223363310098648,-0.003289549145847559,0.04978742077946663,0,-0.00033014893415383995,0.5863878130912781,0.008082832209765911,1,0.999983012676239,0.0010500568896532059,-0.005670330487191677,0,-0.00187420763541013,0.9890812635421753,-0.14736075699329376,0,0.005453679244965315,0.14736884832382202,0.9890661835670471,0,0,1.2427419424057007,-0.1856590062379837,1,0.9999469518661499,-0.0012761987745761871,-0.010190210305154324,0,0.0013722447911277413,0.999954879283905,0.009423831477761269,0,0.010177724994719028,-0.0094373170286417,0.9999037981033325,0,0,1.4659559726715088,0,1,0.9999469518661499,-0.0013773174723610282,-0.01023015845566988,0,0.0014731468399986625,0.999954879283905,0.009365777485072613,0,0.010216796770691872,-0.009380350820720196,0.9999037981033325,0,0,1.6753770112991333,0,1,0.9985417127609253,0.049124330282211304,0.02238074690103531,0,-0.0474221333861351,0.9963403940200806,-0.0711137130856514,0,-0.02579224482178688,0.06994863599538803,0.9972165822982788,0,0,1.8847999572753906,0,1,0.9973747134208679,-0.035419996827840805,-0.06315936148166656,0,0.04626346006989479,0.982673168182373,0.17947810888290405,0,0.055707935243844986,-0.18192902207374573,0.9817327260971069,0,0,0.855912983417511,0.3470599949359894,1,0.15636667609214783,0.021416569128632545,-0.9874671101570129,0,0.9175294041633606,-0.37325039505958557,0.13719674944877625,0,-0.36563438177108765,-0.9274835586547852,-0.07801426947116852,0,0.652642011642456,1.576030969619751,-0.03514900058507919,1,0.9032937288284302,0.29410046339035034,-0.3123553395271301,0,0.09397685527801514,0.5747413039207458,0.812921404838562,0,0.41860389709472656,-0.7636606097221375,0.49152132868766785,0,0,1.451390027999878,0,1,0.9752694964408875,0.22087065875530243,-0.008035793900489807,0,-0.22098007798194885,0.9751254320144653,-0.017239335924386978,0,0.004028246738016605,0.01858876459300518,0.9998190402984619,0,0,3.2703590393066406,0,1,0.7135748267173767,0.13014855980873108,-0.6883835196495056,0,-0.040420953184366226,0.9886038899421692,0.14500927925109863,0,0.6994122862815857,-0.07564994692802429,0.7107044458389282,0,0,2.8214590549468994,0,1,0.9381009936332703,0.3250380754470825,-0.11965286731719971,0,-0.3462058901786804,0.8903171420097351,-0.2957649230957031,0,0.010394135490059853,0.3188820481300354,0.9477379322052002,0,-0.3050509989261627,0.43549299240112305,0,1,0.9741231799125671,-0.18889302015304565,-0.12411082535982132,0,0.2233685851097107,0.8884032964706421,0.4010555148124695,0,0.034503865987062454,-0.4183998107910156,0.9076067209243774,0,-0.06800000369548798,0.4198940098285675,0,1,0.9871619343757629,0.137101948261261,-0.08194413781166077,0,-0.13834093511104584,0.9903382658958435,-0.009611550718545914,0,0.07983461022377014,0.020824376493692398,0.9965905547142029,0,-0.004792999941855669,0.4857949912548065,0,1,0.9346688389778137,0.3530470132827759,0.04186319187283516,0,-0.34680965542793274,0.8795194029808044,0.3258345425128937,0,0.07821542769670486,-0.31906598806381226,0.9444996118545532,0,0,0.9967560172080994,0,1,0.9745113849639893,0.21595782041549683,0.06073923408985138,0,-0.22243338823318481,0.8949577212333679,0.3867478370666504,0,0.02916218712925911,-0.39040088653564453,0.9201834201812744,0,0.060189999639987946,0.5512700080871582,0,1,0.975476086139679,0.21982207894325256,0.011220100335776806,0,-0.2157929390668869,0.9450639486312866,0.24553416669368744,0,0.04337010160088539,-0.24193383753299713,0.9693229794502258,0,-0.026318000629544258,0.4993000030517578,0,1,0.18104054033756256,-0.027614790946245193,0.9830878973007202,0,-0.9032993912696838,-0.39998704195022583,0.15511152148246765,0,0.3889392018318176,-0.9161046147346497,-0.09735836833715439,0,-0.652642011642456,1.5792399644851685,-0.05662799999117851,1,0.9810798764228821,-0.13367308676242828,0.14004690945148468,0,-0.04152917116880417,0.5612319111824036,0.8266162276268005,0,-0.18909519910812378,-0.8167928457260132,0.5450621843338013,0,0,1.451390027999878,0,1,0.9915159940719604,-0.12970536947250366,0.008530928753316402,0,0.12977179884910583,0.9915129542350769,-0.007766942027956247,0,-0.0074511123821139336,0.008808121085166931,0.9999330043792725,0,0,3.2765069007873535,0,1,0.5456345081329346,-0.10697836428880692,0.8311666250228882,0,-0.016820574179291725,0.9902210235595703,0.13849222660064697,0,-0.837854266166687,-0.0895468220114708,0.5384992361068726,0,0,2.8292040824890137,0,1,0.9184030294418335,-0.3009031116962433,-0.2568908631801605,0,0.3016018867492676,0.9526900053024292,-0.037662968039512634,0,0.2560701370239258,-0.04288897290825844,0.965705931186676,0,0.32116401195526123,0.5079699754714966,0,1,0.9801167249679565,0.142472505569458,0.13810786604881287,0,-0.17468246817588806,0.949680745601654,0.2599838972091675,0,-0.09411785751581192,-0.27893969416618347,0.9556857347488403,0,0.08328499644994736,0.4735170006752014,0,1,0.9688215255737305,0.1381010115146637,0.20570364594459534,0,-0.1167251244187355,0.9867481589317322,-0.11271125078201294,0,-0.2185431718826294,0.08518627285957336,0.9721024632453918,0,-0.002070999937132001,0.4775800108909607,0,1,0.9380506277084351,-0.34649649262428284,-0.00042516636312939227,0,0.335392564535141,0.9076800346374512,0.25224563479423523,0,-0.08701640367507935,-0.23676203191280365,0.9676632285118103,0,0,1.0201549530029297,0,1,0.9884235858917236,-0.14802730083465576,-0.033277690410614014,0,0.15088412165641785,0.9360160827636719,0.3179759085178375,0,-0.015920646488666534,-0.319315642118454,0.9475144147872925,0,-0.07540299743413925,0.5894140005111694,0,1,0.9665331840515137,-0.2559860944747925,-0.016865042969584465,0,0.2548421323299408,0.950502336025238,0.17776435613632202,0,-0.02947494015097618,-0.176113098859787,0.9839282035827637,0,0.0557279996573925,0.5480239987373352,0,1,-0.9617016911506653,-0.14176985621452332,0.23458601534366608,0,0.1729269176721573,-0.9778439402580261,0.1179751381278038,0,0.21266323328018188,0.1540231555700302,0.9649102091789246,0,1.022987961769104,-0.6898429989814758,-0.1812169998884201,1,0.9961614012718201,0.026723457500338554,0.08335790038108826,0,-0.009748509153723717,0.9802052974700928,-0.19774232804775238,0,-0.08699219673871994,0.1961706131696701,0.9767029285430908,0,0,5.231299877166748,0,1,0.9948294162750244,-0.0871545746922493,0.052139561623334885,0,0.0013319451827555895,0.5245384573936462,0.8513855934143066,0,-0.1015513613820076,-0.8469140529632568,0.5219424366950989,0,0,4.76700496673584,0,1,0.9822040796279907,-0.0016066947719082236,0.18781182169914246,0,-0.10597896575927734,0.8208245038986206,0.5612627863883972,0,-0.15506230294704437,-0.5711786150932312,0.8060467839241028,0,0,1.9788390398025513,0,1,-0.9783596992492676,0.12341881543397903,-0.166072279214859,0,-0.1455044448375702,-0.9810260534286499,0.12812870740890503,0,-0.14710770547389984,0.14952018857002258,0.9777541756629944,0,-1.022987961769104,-0.6898429989814758,-0.09872400015592575,1,0.9992799162864685,-0.028453754261136055,0.025110220536589622,0,0.03186243772506714,0.988493025302887,-0.1478744000196457,0,-0.02061367779970169,0.14856787025928497,0.9886869192123413,0,0,5.234388828277588,0,1,0.9936091899871826,0.10055889189243317,-0.051267560571432114,0,-0.012309236451983452,0.5480286478996277,0.8363685607910156,0,0.11220043897628784,-0.8303927779197693,0.5457643270492554,0,0,4.769873142242432,0,1,0.981755793094635,0.0018312374595552683,-0.19013991951942444,0,0.10671764612197876,0.8223130702972412,0.5589384436607361,0,0.15737797319889069,-0.5690319538116455,0.8071146011352539,0,0,1.9828089475631714,0,1
K0.101,0.0498957633972168,-0.00040593004086986184,0.00320155406370759,0,0.00019454210996627808,0.049891021102666855,0.003293849527835846,0,-0.0032213167287409306,-0.0032745252829045057,0.04978857561945915,0,-0.0003355644585099071,0.5863924622535706,0.00805334560573101,1,0.999983012676239,0.0012912916718050838,-0.0057676853612065315,0,-0.0021433820948004723,0.9886420369148254,-0.15027178823947906,0,0.00550813227891922,0.150281623005867,0.9886281490325928,0,0,1.2427419424057007,-0.1856590062379837,1,0.999945878982544,-0.0012551096733659506,-0.010339664295315742,0,0.0013607663568109274,0.9999467134475708,0.010217925533652306,0,0.010326292365789413,-0.010231446474790573,0.9998945593833923,0,0,1.4659559726715088,0,1,0.9999449253082275,-0.0013566897250711918,-0.010380142368376255,0,0.001462155138142407,0.9999476671218872,0.010159392841160297,0,0.010365815833210945,-0.010174010880291462,0.9998946189880371,0,0,1.6753770112991333,0,1,0.9985270500183105,0.0493842251598835,0.022470256313681602,0,-0.04770475625991821,0.9964075088500977,-0.06997352838516235,0,-0.02584511786699295,0.06879851222038269,0.9972955584526062,0,0,1.8847999572753906,0,1,0.9973612427711487,-0.03522016853094101,-0.06347852945327759,0,0.04629059508442879,0.9821372032165527,0.18238304555416107,0,0.055921077728271484,-0.18484027683734894,0.9811760783195496,0,0,0.855912983417511,0.3470599949359894,1,0.15668630599975586,0.02107183076441288,-0.9874238967895508,0,0.9166391491889954,-0.37534257769584656,0.13744418323040009,0,-0.36772578954696655,-0.9266464710235596,-0.07812629640102386,0,0.652642011642456,1.576030969619751,-0.03514900058507919,1,0.9035122990608215,0.29182276129722595,-0.31385502219200134,0,0.09594061970710754,0.5760274529457092,0.8117807507514954,0,0.4176851212978363,-0.763565182685852,0.49245017766952515,0,0,1.451390027999878,0,1,0.9755317568778992,0.21971184015274048,-0.008015600964426994,0,-0.2198207825422287,0.9753897786140442,-0.01714930310845375,0,0.004050430376082659,0.01849168725311756,0.9998210668563843,0,0,3.2703590393066406,0,1,0.7127436995506287,0.13125137984752655,-0.6890357136726379,0,-0.040554165840148926,0.9884048700332642,0.14632736146450043,0,0.7002514600753784,-0.07635059952735901,0.7098016738891602,0,0,2.8214590549468994,0,1,0.9381009340286255,0.3250381052494049,-0.11965291202068329,0,-0.3462059199810028,0.8903170824050903,-0.29576510190963745,0,0.010394097305834293,0.31888195872306824,0.9477369785308838,0,-0.3050509989261627,0.43549299240112305,0,1,0.9737305641174316,-0.19053609669208527,-0.12468165159225464,0,0.2252795696258545,0.8858107328414917,0.40569475293159485,0,0.03314483165740967,-0.42312541604042053,0.9054644703865051,0,-0.06800000369548798,0.4198940098285675,0,1,0.9872575402259827,0.13626302778720856,-0.08219137787818909,0,-0.13750378787517548,0.9904544353485107,-0.009603526443243027,0,0.08009819686412811,0.020782776176929474,0.9965701103210449,0,-0.004792999941855669,0.4857949912548065,0,1,0.9348880052566528,0.3524974286556244,0.0415988452732563,0,-0.34624460339546204,0.8799035549163818,0.3253977596759796,0,0.07809887081384659,-0.3186137080192566,0.9446612596511841,0,0,0.9967560172080994,0,1,0.9747204184532166,0.21509990096092224,0.060426052659749985,0,-0.2215503603219986,0.8955434560775757,0.38589873909950256,0,0.028892630711197853,-0.38953080773353577,0.9205599427223206,0,0.060189999639987946,0.5512700080871582,0,1,0.975475013256073,0.2198219746351242,0.011220108717679977,0,-0.21579305827617645,0.9450639486312866,0.24553416669368744,0,0.04337011277675629,-0.24193383753299713,0.9693229794502258,0,-0.026318000629544258,0.4993000030517578,0,1,0.18164899945259094,-0.027265053242444992,0.9829851388931274,0,-0.9023714065551758,-0.40188485383987427,0.1556050032377243,0,0.3908044397830963,-0.9152835011482239,-0.0976051539182663,0,-0.652642011642456,1.5792399644851685,-0.05662799999117851,1,0.9806851148605347,-0.133071169257164,0.14334480464458466,0,-0.04411539435386658,0.5635071396827698,0.8249330520629883,0,-0.19055065512657166,-0.8153234124183655,0.5467526316642761,0,0,1.451390027999878,0,1,0.9916093349456787,-0.12898674607276917,0.00852584931999445,0,0.12905289232730865,0.9916073083877563,-0.007723135408014059,0,-0.007458119187504053,0.008758625946938992,0.9999340772628784,0,0,3.2765069007873535,0,1,0.5517439842224121,-0.10090348869562149,0.8278871178627014,0,-0.015848100185394287,0.9912062287330627,0.1313708871603012,0,-0.8338626623153687,-0.08560353517532349,0.5452929735183716,0,0,2.8292040824890137,0,1,0.9184030294418335,-0.3009031116962433,-0.2568908631801605,0,0.3016018867492676,0.9526900053024292,-0.037662968039512634,0,0.2560701370239258,-0.04288897290825844,0.965705931186676,0,0.32116401195526123,0.5079699754714966,0,1,0.9802849292755127,0.14052335917949677,0.13890618085861206,0,-0.17275574803352356,0.9507520198822021,0.25734615325927734,0,-0.09590209275484085,-0.27626916766166687,0.9562832713127136,0,0.08328499644994736,0.4735170006752014,0,1,0.968937873840332,0.13800546526908875,0.20521646738052368,0,-0.1167815774679184,0.9867969751358032,-0.11221946030855179,0,-0.21799404919147491,0.08476823568344116,0.9722621440887451,0,-0.002070999937132001,0.4775800108909607,0,1,0.9381417036056519,-0.34625244140625,-0.00036216448643244803,0,0.33515068888664246,0.9077987670898438,0.2521421015262604,0,-0.08697604387998581,-0.23666638135910034,0.9676905274391174,0,0,1.0201549530029297,0,1,0.9884072542190552,-0.14812912046909332,-0.03330257162451744,0,0.15098708868026733,0.9359707832336426,0.3180594742298126,0,-0.015943633392453194,-0.31940045952796936,0.9474855661392212,0,-0.07540299743413925,0.5894140005111694,0,1,0.9665451049804688,-0.25594255328178406,-0.016858456656336784,0,0.2547993063926697,0.9505212903022766,0.17772622406482697,0,-0.02946336381137371,-0.17607583105564117,0.9839349985122681,0,0.0557279996573925,0.5480239987373352,0,1,-0.9617797136306763,-0.1416177898645401,0.23435869812965393,0,0.17272965610027313,-0.9778810143470764,0.11794969439506531,0,0.21247118711471558,0.15392234921455383,0.9649679660797119,0,1.022987961769104,-0.6898429989814758,-0.1812169998884201,1,0.9961329698562622,0.027028072625398636,0.08359193056821823,0,-0.009966442361474037,0.9801231026649475,-0.19814038276672363,0,-0.08728578686714172,0.19654116034507751,0.9766029119491577,0,0,5.231299877166748,0,1,0.9948496222496033,-0.08692359924316406,0.052137576043605804,0,0.0011978013208135962,0.5244216322898865,0.8514584302902222,0,-0.10135383903980255,-0.8470101356506348,0.5218244791030884,0,0,4.76700496673584,0,1,0.9822070598602295,-0.0015968341613188386,0.1877928376197815,0,-0.10598216950893402,0.8208014965057373,0.5612947344779968,0,-0.15503709018230438,-0.5712108612060547,0.8060286045074463,0,0,1.9788390398025513,0,1,-0.9783449172973633,0.12350377440452576,-0.16609369218349457,0,-0.14557801187038422,-0.9810278415679932,0.12802933156490326,0,-0.14713045954704285,0.14943647384643555,0.9777632355690002,0,-1.022987961769104,-0.6898429989814758,-0.09872400015592575,1,0.9992758631706238,-0.02849738672375679,0.02521147020161152,0,0.03192756325006485,0.988441526889801,-0.14820411801338196,0,-0.02069663070142269,0.14890173077583313,0.9886354804039001,0,0,5.234388828277588,0,1,0.993614912033081,0.10050876438617706,-0.05126242712140083,0,-0.012269274331629276,0.5479061603546143,0.8364496231079102,0,0.11215750128030777,-0.8304798007011414,0.5456408262252808,0,0,4.769873142242432,0,1,0.9817480444908142,0.0018516952404752374,-0.19017773866653442,0,0.10671079158782959,0.8223567605018616,0.5588764548301697,0,0.15742868185043335,-0.5689693689346313,0.807148814201355,0,0,1.9828089475631714,0,1
