1.000,30,29,41
B0,mixamorig_Hips,-1,0.9994350075721741,0.0012858971022069454,-0.03358389437198639,0,-0.00016309306374751031,0.999441921710968,0.03341418504714966,0,0.03360810503363609,-0.03338981419801712,0.9988769888877869,0,0.006972999777644873,11.715618133544922,0.14357399940490723,1
B1,mixamorig_Spine,0,0.9997450113296509,-0.00456209434196353,0.02209789678454399,0,0.005444907583296299,0.999182939529419,-0.04005594924092293,0,-0.021897103637456894,0.04016605392098427,0.9989529848098755,0,0,1.2427419424057007,-0.1856590062379837,1
B2,mixamorig_Spine1,1,0.9988769888877869,0.013062570244073868,0.04553288593888283,0,-0.015014419332146645,0.9989709854125977,0.04279167950153351,0,-0.044927094131708145,-0.043427303433418274,0.9980460405349731,0,0,1.4659559726715088,0,1
B3,mixamorig_Spine2,2,0.9988669753074646,0.015110213309526443,0.04513216018676758,0,-0.017020775005221367,0.9989619851112366,0.042252857238054276,0,-0.04444684460759163,-0.04297315329313278,0.9980869889259338,0,0,1.6753770112991333,0,1
B4,mixamorig_Neck,3,0.999301016330719,0.0010790337109938264,-0.03736679628491402,0,0.0041420720517635345,0.9902319312095642,0.1393662691116333,0,0.03715220093727112,-0.13942371308803558,0.9895359873771667,0,0,1.8847999572753906,0,1
B5,mixamorig_Head,4,0.9963399767875671,-0.037096258252859116,-0.07700992375612259,0,0.03264676034450531,0.9977680444717407,-0.0582546666264534,0,0.07899904996156693,0.05552731081843376,0.9953269362449646,0,0,0.855912983417511,0.3470599949359894,1
B6,mixamorig_HeadTop_End,5,1,0,0,0,0,1,0,0,0,0,1,0,0,2.8392999172210693,1.1512919664382935,1
B7,mixamorig_LeftShoulder,3,0.10559691488742828,0.005020361393690109,-0.994395911693573,0,0.8928828835487366,-0.44066697359085083,0.09259221702814102,0,-0.43773290514945984,-0.897657036781311,-0.05101562663912773,0,0.652642011642456,1.576030969619751,-0.03514900058507919,1
B8,mixamorig_LeftArm,7,0.8177000284194946,0.4186229109764099,-0.39512303471565247,0,0.04295700043439865,0.640110969543457,0.7670801281929016,0,0.5740399956703186,-0.644214928150177,0.5054360628128052,0,0,1.451390027999878,0,1
B9,mixamorig_LeftForeArm,8,0.9815250039100647,0.1911841481924057,-0.007548029068857431,0,-0.1912788450717926,0.9814220666885376,-0.014921947382390499,0,0.004554963670670986,0.016090046614408493,0.9998599886894226,0,0,3.2703590393066406,0,1
B10,mixamorig_LeftHand,9,0.7078032493591309,0.09184566885232925,-0.7004137635231018,0,0.056191932410001755,0.9810489416122437,0.18543028831481934,0,0.7041712403297424,-0.17060579359531403,0.6892287731170654,0,0,2.8214590549468994,0,1
B11,mixamorig_LeftHandThumb1,10,0.9341509938240051,0.33471810817718506,-0.12379786372184753,0,-0.34411489963531494,0.93675297498703,-0.06387113034725189,0,0.09458917379379272,0.10226594656705856,0.9902499914169312,0,-0.3050509989261627,0.43549299240112305,0,1
B12,mixamorig_LeftHandThumb2,11,0.9972530603408813,-0.027926789596676826,-0.06860697269439697,0,0.03364722803235054,0.9959229230880737,0.08369221538305283,0,0.06599001586437225,-0.08577076345682144,0.9941269755363464,0,-0.06800000369548798,0.4198940098285675,0,1
B13,mixamorig_LeftHandThumb3,12,0.9699328541755676,-0.02689722366631031,-0.24188321828842163,0,-0.03409611061215401,0.9690540432929993,-0.24448080360889435,0,0.24097369611263275,0.24537718296051025,0.9390000104904175,0,-0.004792999941855669,0.4857949912548065,0,1
B14,mixamorig_LeftHandThumb4,13,1,0,0,0,0,1,0,0,0,0,1,0,0.07279200106859207,0.44150298833847046,0,1
B15,mixamorig_LeftHandIndex1,10,0.9249758124351501,0.3795904815196991,0.01819709688425064,0,-0.37807953357696533,0.914341151714325,0.14503611624240875,0,0.038415972143411636,-0.14103487133979797,0.9892590045928955,0,0,0.9967560172080994,0,1
B16,mixamorig_LeftHandIndex2,15,0.9997040629386902,0.020844770595431328,0.012572025880217552,0,-0.022853221744298935,0.9815579652786255,0.18979500234127045,0,-0.008383930660784245,-0.19002597033977509,0.9817429780960083,0,0.060189999639987946,0.5512700080871582,0,1
B17,mixamorig_LeftHandIndex3,16,0.9859379529953003,0.1670830398797989,0.003139831591397524,0,-0.1646149605512619,0.9677949547767639,0.190459206700325,0,0.02878378890454769,-0.1882978081703186,0.9816900491714478,0,-0.026318000629544258,0.4993000030517578,0,1
B18,mixamorig_LeftHandIndex4,17,1,0,0,0,0,1,0,0,0,0,1,0,-0.033872999250888824,0.5011600255966187,0,1
B19,mixamorig_RightShoulder,3,-0.01715964823961258,-0.011376542039215565,0.9997879266738892,0,-0.8955356478691101,-0.44452041387557983,-0.02042856439948082,0,0.4446585476398468,-0.8956961631774902,-0.002560205524787307,0,-0.652642011642456,1.5792399644851685,-0.05662799999117851,1
B20,mixamorig_RightArm,19,0.8047503232955933,-0.5051915645599365,0.3117017447948456,0,0.1698751598596573,0.6991249918937683,0.694525957107544,0,-0.5687873959541321,-0.505969762802124,0.6484407782554626,0,0,1.451390027999878,0,1
B21,mixamorig_RightForeArm,20,0.9194409847259521,-0.39301708340644836,0.012844034470617771,0,0.39321890473365784,0.9191440939903259,-0.023532593622803688,0,-0.002556809224188328,0.026687363162636757,0.9996410608291626,0,0,3.2765069007873535,0,1
B22,mixamorig_RightHand,21,0.7061006426811218,-0.08948615193367004,0.7024343013763428,0,0.02562662400305271,0.9945619106292725,0.10094118118286133,0,-0.7076476216316223,-0.05327364429831505,0.7045544385910034,0,0,2.8292040824890137,0,1
B23,mixamorig_RightHandThumb1,22,0.8908721208572388,-0.4104207754135132,0.19468586146831512,0,0.41214829683303833,0.9105018973350525,0.0334768071770668,0,-0.19100120663642883,0.05041583254933357,0.9802939295768738,0,0.32116401195526123,0.5079699754714966,0,1
B24,mixamorig_RightHandThumb2,23,0.9888010025024414,0.14847294986248016,0.015090765431523323,0,-0.14873109757900238,0.9720649719238281,0.18157503008842468,0,0.012289773672819138,-0.18178598582744598,0.983260989189148,0,0.08328499644994736,0.4735170006752014,0,1
B25,mixamorig_RightHandThumb3,24,0.9928609728813171,-0.012150130234658718,-0.11865507811307907,0,-0.018886134028434753,0.9662339687347412,-0.2569732069969177,0,0.11777090281248093,0.2573797404766083,0.9591071009635925,0,-0.002070999937132001,0.4775800108909607,0,1
B26,mixamorig_RightHandThumb4,25,1,0,0,0,0,1,0,0,0,0,1,0,-0.08121500164270401,0.3971160054206848,0,1
B27,mixamorig_RightHandIndex1,22,0.8963169455528259,-0.4431711435317993,-0.01465285662561655,0,0.4394839107990265,0.8834991455078125,0.16212181746959686,0,-0.05890193581581116,-0.15175224840641022,0.986661970615387,0,0,1.0201549530029297,0,1
B28,mixamorig_RightHandIndex2,27,0.996167004108429,-0.08519592881202698,-0.01982911489903927,0,0.0873960331082344,0.9598709344863892,0.2664741277694702,0,-0.003669118508696556,-0.26718583703041077,0.9636380672454834,0,-0.07540299743413925,0.5894140005111694,0,1
B29,mixamorig_RightHandIndex3,28,0.9815919995307922,-0.1907469630241394,-0.009591781534254551,0,0.1905050128698349,0.9743049144744873,0.12015422433614731,0,-0.013573745265603065,-0.11976981163024902,0.9927090406417847,0,0.0557279996573925,0.5480239987373352,0,1
B30,mixamorig_RightHandIndex4,29,1,0,0,0,0,1,0,0,0,0,1,0,0.019675999879837036,0.41751301288604736,0,1
B31,mixamorig_LeftUpLeg,0,-0.983534038066864,-0.0038420259952545166,0.1806848645210266,0,0.08575902879238129,-0.8899639844894409,0.4478939175605774,0,0.15908211469650269,0.45601406693458557,0.8756389021873474,0,1.022987961769104,-0.6898429989814758,-0.1812169998884201,1
B32,mixamorig_LeftLeg,31,0.9957000017166138,-0.08833301812410355,-0.027915077283978462,0,0.019947068765759468,0.49869316816329956,-0.8665488958358765,0,0.0904659554362297,0.8622661232948303,0.4983108937740326,0,0,5.231299877166748,0,1
B33,mixamorig_LeftFoot,32,0.9972529411315918,0.0501064732670784,0.054554253816604614,0,-0.07305753231048584,0.5438011288642883,0.8360279202461243,0,0.01222374476492405,-0.8377170562744141,0.5459679961204529,0,0,4.76700496673584,0,1
B34,mixamorig_LeftToeBase,33,0.9806349277496338,-0.023185890167951584,0.19446910917758942,0,-0.11671986430883408,0.7281638979911804,0.6753911375999451,0,-0.15726500749588013,-0.6850109100341797,0.7113571166992188,0,0,1.9788390398025513,0,1
B35,mixamorig_LeftToe_End,34,1,0,0,0,0,1,0,0,0,0,1,0,0,0.7514830231666565,0,1
B36,mixamorig_RightUpLeg,0,-0.992358922958374,-0.0421421155333519,-0.1159629300236702,0,0.01767091453075409,-0.9787160158157349,0.2044556438922882,0,-0.12211104482412338,0.20084433257579803,0.971983015537262,0,-1.022987961769104,-0.6898429989814758,-0.09872400015592575,1
B37,mixamorig_RightLeg,36,0.9977499842643738,-0.025263231247663498,0.06209982931613922,0,0.04672885313630104,0.9262639284133911,-0.37396714091300964,0,-0.04807324707508087,0.3760278522968292,0.9253609776496887,0,0,5.234388828277588,0,1
B38,mixamorig_RightFoot,37,0.9959750175476074,-0.06143682450056076,-0.0652632787823677,0,0.08437881618738174,0.3970789909362793,0.9138970971107483,0,-0.030232269316911697,-0.9157260656356812,0.40066495537757874,0,0,4.769873142242432,0,1
B39,mixamorig_RightToeBase,38,0.9811300039291382,0.013995688408613205,-0.19284388422966003,0,0.1134117916226387,0.7661252021789551,0.6326058506965637,0,0.15659624338150024,-0.6425391435623169,0.7500808835029602,0,0,1.9828089475631714,0,1
B40,mixamorig_RightToe_End,39,1,0,0,0,0,1,0,0,0,0,1,0,0,0.7492420077323914,0,1
@34,0,1,2,3,4,5,7,8,9,10,11,12,13,15,16,17,19,20,21,22,23,24,25,27,28,29,31,32,33,34,36,37,38,39
K0,0.04997175186872482,0.00006429509812733158,-0.0016791947418823838,0,-0.000008154900569934398,0.04997209832072258,0.0016707092290744185,0,0.0016804052283987403,-0.001669490709900856,0.04994384944438934,0,0.0003486500063445419,0.585780918598175,0.007178700063377619,1,0.9997450113296509,-0.004562093410640955,0.02209789678454399,0,0.005444906651973724,0.999182939529419,-0.040055952966213226,0,-0.021897103637456894,0.04016605764627457,0.9989529848098755,0,0,1.2427419424057007,-0.1856590062379837,1,0.9988769888877869,0.013062575832009315,0.04553290084004402,0,-0.015014424920082092,0.9989709854125977,0.042791686952114105,0,-0.04492710530757904,-0.04342731088399887,0.9980460405349731,0,0,1.4659559726715088,0,1,0.9988669753074646,0.01511022076010704,0.04513216018676758,0,-0.017020782455801964,0.9989619851112366,0.04225285351276398,0,-0.04444684460759163,-0.042973149567842484,0.9980869889259338,0,0,1.6753770112991333,0,1,0.999301016330719,0.0010790531523525715,-0.037366800010204315,0,0.004142052959650755,0.9902319312095642,0.1393662691116333,0,0.037152208387851715,-0.13942371308803558,0.9895359873771667,0,0,1.8847999572753906,0,1,0.9963399767875671,-0.03709625080227852,-0.07700993120670319,0,0.032646749168634415,0.9977680444717407,-0.058254677802324295,0,0.07899905741214752,0.05552732199430466,0.9953269362449646,0,0,0.855912983417511,0.3470599949359894,1,0.10559695214033127,0.005020426120609045,-0.9943960309028625,0,0.892882764339447,-0.4406675696372986,0.09259229898452759,0,-0.43773335218429565,-0.8976569175720215,-0.051015909761190414,0,0.652642011642456,1.576030969619751,-0.03514900058507919,1,0.8177000880241394,0.4186229407787323,-0.3951229751110077,0,0.04295692592859268,0.6401109099388123,0.7670801281929016,0,0.5740399956703186,-0.644214928150177,0.50543612241745,0,0,1.451390027999878,0,1,0.9815250039100647,0.1911841481924057,-0.007548033259809017,0,-0.1912788450717926,0.9814220666885376,-0.014921951107680798,0,0.004554966930299997,0.01609005033969879,0.9998599886894226,0,0,3.2703590393066406,0,1,0.7078032493591309,0.09184578061103821,-0.700413703918457,0,0.05619177967309952,0.9810489416122437,0.18543028831481934,0,0.7041712403297424,-0.17060568928718567,0.6892287731170654,0,0,2.8214590549468994,0,1,0.9341510534286499,0.33471810817718506,-0.12379784882068634,0,-0.34411489963531494,0.93675297498703,-0.06387109309434891,0,0.09458916634321213,0.10226590931415558,0.9902499914169312,0,-0.3050509989261627,0.43549299240112305,0,1,0.9972530603408813,-0.02792678028345108,-0.06860698014497757,0,0.03364722058176994,0.9959229230880737,0.08369223028421402,0,0.06599002331495285,-0.08577077835798264,0.9941269755363464,0,-0.06800000369548798,0.4198940098285675,0,1,0.9699328541755676,-0.026897171512246132,-0.24188324809074402,0,-0.03409617394208908,0.9690540432929993,-0.24448080360889435,0,0.24097372591495514,0.24537719786167145,0.9390000104904175,0,-0.004792999941855669,0.4857949912548065,0,1,0.9249758124351501,0.3795904815196991,0.018197039142251015,0,-0.37807953357696533,0.914341151714325,0.14503613114356995,0,0.03841603547334671,-0.14103487133979797,0.9892590045928955,0,0,0.9967560172080994,0,1,0.9997040629386902,0.020844772458076477,0.012572047300636768,0,-0.022853227332234383,0.9815579652786255,0.18979501724243164,0,-0.00838395208120346,-0.19002598524093628,0.9817429780960083,0,0.060189999639987946,0.5512700080871582,0,1,0.9859379529953003,0.1670830249786377,0.003139808773994446,0,-0.1646149456501007,0.9677949547767639,0.190459206700325,0,0.028783809393644333,-0.1882977932691574,0.9816900491714478,0,-0.026318000629544258,0.4993000030517578,0,1,-0.017159340903162956,-0.011376394890248775,0.9997880458831787,0,-0.8955354690551758,-0.44452112913131714,-0.020428147166967392,0,0.44465917348861694,-0.8956959247589111,-0.0025603235699236393,0,-0.652642011642456,1.5792399644851685,-0.05662799999117851,1,0.804750382900238,-0.5051916837692261,0.31170162558555603,0,0.16987524926662445,0.6991248726844788,0.6945260763168335,0,-0.5687873363494873,-0.5059698820114136,0.6484407782554626,0,0,1.451390027999878,0,1,0.9194409847259521,-0.39301708340644836,0.012844118289649487,0,0.39321890473365784,0.9191440939903259,-0.023532601073384285,0,-0.0025568827986717224,0.02668740227818489,0.9996410608291626,0,0,3.2765069007873535,0,1,0.706100583076477,-0.08948630839586258,0.7024343609809875,0,0.02562669850885868,0.9945619106292725,0.10094131529331207,0,-0.7076476812362671,-0.05327368527650833,0.7045543789863586,0,0,2.8292040824890137,0,1,0.8908721804618835,-0.4104207456111908,0.19468581676483154,0,0.41214826703071594,0.9105019569396973,0.0334768109023571,0,-0.19100117683410645,0.05041581019759178,0.9802939295768738,0,0.32116401195526123,0.5079699754714966,0,1,0.9888010025024414,0.14847292006015778,0.015090766362845898,0,-0.14873106777668,0.9720649719238281,0.1815750151872635,0,0.012289765290915966,-0.1817859709262848,0.983260989189148,0,0.08328499644994736,0.4735170006752014,0,1,0.9928609728813171,-0.01215013675391674,-0.11865509301424026,0,-0.018886135891079903,0.9662339687347412,-0.2569732367992401,0,0.11777091771364212,0.25737977027893066,0.9591071009635925,0,-0.002070999937132001,0.4775800108909607,0,1,0.8963169455528259,-0.44317111372947693,-0.014652887359261513,0,0.4394838809967041,0.8834991455078125,0.16212177276611328,0,-0.05890188366174698,-0.15175223350524902,0.986661970615387,0,0,1.0201549530029297,0,1,0.996167004108429,-0.08519595116376877,-0.019829120486974716,0,0.0873960554599762,0.9598709344863892,0.2664741575717926,0,-0.0036691217683255672,-0.26718586683273315,0.9636380076408386,0,-0.07540299743413925,0.5894140005111694,0,1,0.9815919995307922,-0.1907469779253006,-0.009591761976480484,0,0.1905050277709961,0.9743049144744873,0.12015420943498611,0,-0.013573762029409409,-0.11976978927850723,0.9927090406417847,0,0.0557279996573925,0.5480239987373352,0,1,-0.983534038066864,-0.0038420006167143583,0.1806848645210266,0,0.0857589989900589,-0.8899639844894409,0.4478939175605774,0,0.15908212959766388,0.45601406693458557,0.8756389021873474,0,1.022987961769104,-0.6898429989814758,-0.1812169998884201,1,0.9957000017166138,-0.08833296597003937,-0.027915090322494507,0,0.019947031512856483,0.49869319796562195,-0.8665488958358765,0,0.09046591818332672,0.8622661232948303,0.498310923576355,0,0,5.231299877166748,0,1,0.9972529411315918,0.05010661110281944,0.05455400049686432,0,-0.0730573907494545,0.5438011288642883,0.8360279202461243,0,0.012223998084664345,-0.8377169966697693,0.5459679961204529,0,0,4.76700496673584,0,1,0.9806349873542786,-0.0231858529150486,0.19446904957294464,0,-0.11671984940767288,0.7281638979911804,0.6753911375999451,0,-0.15726493299007416,-0.6850109100341797,0.7113571166992188,0,0,1.9788390398025513,0,1,-0.992358922958374,-0.042142104357481,-0.11596294492483139,0,0.017670899629592896,-0.9787160158157349,0.2044556587934494,0,-0.12211105972528458,0.20084434747695923,0.9719829559326172,0,-1.022987961769104,-0.6898429989814758,-0.09872400015592575,1,0.9977499842643738,-0.025263193994760513,0.06209978088736534,0,0.04672880098223686,0.9262639284133911,-0.37396714091300964,0,-0.048073217272758484,0.3760278522968292,0.9253609776496887,0,0,5.234388828277588,0,1,0.9959750175476074,-0.061437007039785385,-0.06526339799165726,0,0.08437899500131607,0.3970789611339569,0.9138970375061035,0,-0.030232395976781845,-0.9157260060310364,0.40066495537757874,0,0,4.769873142242432,0,1,0.9811300039291382,0.01399572566151619,-0.19284380972385406,0,0.11341172456741333,0.7661252021789551,0.6326059103012085,0,0.15659621357917786,-0.6425391435623169,0.7500808835029602,0,0,1.9828089475631714,0,1
K0.034,0.04998583719134331,0.00019407262152526528,-0.0011746668023988605,0,-0.0001418830215698108,0.04995071142911911,0.002215031534433365,0,0.0011821059742942452,-0.0022110699210315943,0.04993709176778793,0,0.0012159936595708132,0.5893240571022034,0.004463259130716324,1,0.9999704360961914,-0.00624337000772357,0.004571618512272835,0,0.006452573928982019,0.9988608956336975,-0.04727533832192421,0,-0.004271253943443298,0.0473034530878067,0.998871922492981,0,0,1.2427419424057007,-0.1856590062379837,1,0.9994304180145264,0.005270627327263355,0.03332486376166344,0,-0.006555324420332909,0.9992350339889526,0.038559652864933014,0,-0.03309612721204758,-0.03875613585114479,0.9987000823020935,0,0,1.4659559726715088,0,1,0.9994347095489502,0.007012856192886829,0.03288675472140312,0,-0.008268962614238262,0.9992356300354004,0.03821577876806259,0,-0.032593611627817154,-0.038466110825538635,0.9987286925315857,0,0,1.6753770112991333,0,1,0.9994449615478516,-0.0016488009132444859,-0.0332716666162014,0,0.006294597405940294,0.990128755569458,0.14001639187335968,0,0.03271239623427391,-0.14014820754528046,0.9895902276039124,0,0,1.8847999572753906,0,1,0.9978252649307251,-0.035517368465662,-0.05552901327610016,0,0.03267408907413483,0.9981491565704346,-0.05129928141832352,0,0.05724821612238884,0.0493733249604702,0.9971383213996887,0,0,0.855912983417511,0.3470599949359894,1,0.08882354944944382,0.0059609971940517426,-0.996029794216156,0,0.8969557285308838,-0.43529635667800903,0.07738324254751205,0,-0.43310680985450745,-0.900268018245697,-0.044011376798152924,0,0.652642011642456,1.576030969619751,-0.03514900058507919,1,0.8310264945030212,0.3551284670829773,-0.4281097948551178,0,0.12696418166160583,0.6282345652580261,0.767594039440155,0,0.5415482521057129,-0.69224613904953,0.47699132561683655,0,0,1.451390027999878,0,1,0.9816020727157593,0.19078800082206726,-0.007541805040091276,0,-0.190882608294487,0.9815001487731934,-0.014891164377331734,0,0.004561229608952999,0.01605680212378502,0.9998610615730286,0,0,3.2703590393066406,0,1,0.7109799981117249,0.1467197835445404,-0.6877352595329285,0,0.030892347916960716,0.9705308079719543,0.23898719251155853,0,0.7025330662727356,-0.19116106629371643,0.6854960918426514,0,0,2.8214590549468994,0,1,0.9341509938240051,0.3347180485725403,-0.12379834055900574,0,-0.34411489963531494,0.93675297498703,-0.06387100368738174,0,0.09458967298269272,0.10226600617170334,0.9902500510215759,0,-0.3050509989261627,0.43549299240112305,0,1,0.9976140260696411,-0.027414390817284584,-0.0633656457066536,0,0.0318044014275074,0.9970858097076416,0.06934381276369095,0,0.061279937624931335,-0.071193628013134,0.9955781698226929,0,-0.06800000369548798,0.4198940098285675,0,1,0.9704656004905701,-0.029559774324297905,-0.23942333459854126,0,-0.029942534863948822,0.970030665397644,-0.24112975597381592,0,0.23937572538852692,0.24117708206176758,0.9404963254928589,0,-0.004792999941855669,0.4857949912548065,0,1,0.9267646670341492,0.37543731927871704,0.01242242194712162,0,-0.37395209074020386,0.9189550280570984,0.12522673606872559,0,0.035599153488874435,-0.1207011342048645,0.99205082654953,0,0,0.9967560172080994,0,1,0.9996998906135559,0.02100255712866783,0.01259279903024435,0,-0.023013480007648468,0.9815227389335632,0.1899566948413849,0,-0.008370544761419296,-0.19018958508968353,0.9817119240760803,0,0.060189999639987946,0.5512700080871582,0,1,0.9859111309051514,0.16723845899105072,0.0031587746925652027,0,-0.1647663414478302,0.9677369594573975,0.19062161445617676,0,0.028822431340813637,-0.18845662474632263,0.9816588759422302,0,-0.026318000629544258,0.4993000030517578,0,1,-0.010814887471497059,-0.010696041397750378,0.9998843669891357,0,-0.8973839282989502,-0.4410153031349182,-0.014423958957195282,0,0.4411182105541229,-0.8974352478981018,-0.0048288158141076565,0,-0.652642011642456,1.5792399644851685,-0.05662799999117851,1,0.785103976726532,-0.5353329181671143,0.3114970624446869,0,0.21240881085395813,0.7051491737365723,0.6764962077140808,0,-0.5818027853965759,-0.46495530009269714,0.6673250794410706,0,0,1.451390027999878,0,1,0.8980456590652466,-0.43967652320861816,0.014125258661806583,0,0.43990176916122437,0.897659957408905,-0.026326464489102364,0,-0.0011045495048165321,0.02985607087612152,0.999553382396698,0,0,3.2765069007873535,0,1,0.7068232297897339,-0.0869671031832695,0.7020232677459717,0,-0.021609963849186897,0.9892963171005249,0.14431238174438477,0,-0.7070598602294922,-0.11717411875724792,0.6973786950111389,0,0,2.8292040824890137,0,1,0.8908721208572388,-0.4104207754135132,0.19468583166599274,0,0.41214829683303833,0.9105018973350525,0.0334768146276474,0,-0.19100119173526764,0.05041581392288208,0.9802939295768738,0,0.32116401195526123,0.5079699754714966,0,1,0.9892396926879883,0.14556889235973358,0.014635886065661907,0,-0.14584611356258392,0.9733062386512756,0.17721059918403625,0,0.011551151052117348,-0.17743836343288422,0.9840639233589172,0,0.08328499644994736,0.4735170006752014,0,1,0.9928678870201111,-0.012224927544593811,-0.1185915619134903,0,-0.018811706453561783,0.9662030339241028,-0.2570950388908386,0,0.11772647500038147,0.2574922740459442,0.9590818285942078,0,-0.002070999937132001,0.4775800108909607,0,1,0.893657922744751,-0.4484175443649292,-0.01722589135169983,0,0.44483256340026855,0.8801469206809998,0.1657264232635498,0,-0.05915331095457077,-0.1557653397321701,0.9860208034515381,0,0,1.0201549530029297,0,1,0.9961642026901245,-0.08523037284612656,-0.019835295155644417,0,0.08743079006671906,0.9598605036735535,0.26650241017341614,0,-0.0036749830469489098,-0.2672143280506134,0.9636302590370178,0,-0.07540299743413925,0.5894140005111694,0,1,0.9815858006477356,-0.1907798796892166,-0.009594490751624107,0,0.1905377209186554,0.9742957353591919,0.12018413841724396,0,-0.013580835424363613,-0.11979906260967255,0.9927048683166504,0,0.0557279996573925,0.5480239987373352,0,1,-0.9851132035255432,0.016627300530672073,0.1710997223854065,0,0.06925123929977417,-0.8725926280021667,0.48351433873176575,0,0.1573399007320404,0.4881651997566223,0.8584510684013367,0,1.022987961769104,-0.6898429989814758,-0.1812169998884201,1,0.9975131154060364,-0.07041825354099274,0.002859119325876236,0,0.051540836691856384,0.7012335658073425,-0.711065411567688,0,0.04806710407137871,0.7094448804855347,0.7031195163726807,0,0,5.231299877166748,0,1,0.9983376860618591,0.02055477909743786,0.05385246127843857,0,-0.05630515515804291,0.5477793216705322,0.8347264528274536,0,-0.012341640889644623,-0.8363705277442932,0.5480257868766785,0,0,4.76700496673584,0,1,0.9811151027679443,-0.017856033518910408,0.19259686768054962,0,-0.11434512585401535,0.7495620250701904,0.6519832611083984,0,-0.15600518882274628,-0.6616933941841125,0.7333651185035706,0,0,1.9788390398025513,0,1,-0.990455687046051,-0.04017636552453041,-0.13184526562690735,0,0.026199964806437492,-0.9940122365951538,0.10607809573411942,0,-0.13531768321990967,0.10161133855581284,0.9855780005455017,0,-1.022987961769104,-0.6898429989814758,-0.09872400015592575,1,0.9953916072845459,-0.0396437905728817,0.08731260895729065,0,0.06210668385028839,0.9602835774421692,-0.2720246911048889,0,-0.07306083291769028,0.2761940062046051,0.9583211541175842,0,0,5.234388828277588,0,1,0.9966186881065369,-0.05022823438048363,-0.0650242492556572,0,0.07934535294771194,0.3828105926513672,0.9204128384590149,0,-0.021338751539587975,-0.9224607348442078,0.3855018615722656,0,0,4.769873142242432,0,1,0.9812096953392029,0.013117634691298008,-0.19249679148197174,0,0.11302580684423447,0.7695032358169556,0.6285615563392639,0,0.15637226402759552,-0.6385083198547363,0.7535619735717773,0,0,1.9828089475631714,0,1
K0.069,0.04999658092856407,-0.00011874445772264153,-0.0005742865614593029,0,0.00015061166777741164,0.049921903759241104,0.002789754420518875,0,0.0005667638033628464,-0.0027912913355976343,0.04991880804300308,0,0.0025058456230908632,0.5880934000015259,0.001791717717424035,1,0.9998810887336731,0.0075572794303298,-0.013436139561235905,0,-0.008291349746286869,0.9984272122383118,-0.05544532090425491,0,0.012995995581150055,0.05555014684796333,0.998371422290802,0,0,1.2427419424057007,-0.1856590062379837,1,0.9997777938842773,-0.005597516894340515,0.020317386835813522,0,0.00488145649433136,0.9993712902069092,0.03512387350201607,0,-0.020501211285591125,-0.03501687943935394,0.9991762042045593,0,0,1.4659559726715088,0,1,0.9997904300689697,-0.004166700411587954,0.02004474774003029,0,0.003467683680355549,0.9993886947631836,0.03478200361132622,0,-0.020177431404590607,-0.03470522165298462,0.9991942644119263,0,0,1.6753770112991333,0,1,0.9996401071548462,0.00008445885760011151,-0.026811150833964348,0,0.003630126127973199,0.9903604984283447,0.13846717774868011,0,0.026564402505755424,-0.1385146826505661,0.9900038838386536,0,0,1.8847999572753906,0,1,0.9986861348152161,-0.03498797118663788,-0.037450261414051056,0,0.03305288404226303,0.9981462955474854,-0.05109868571162224,0,0.03916868567466736,0.04979371652007103,0.9979915618896484,0,0,0.855912983417511,0.3470599949359894,1,0.07358072698116302,0.006738714408129454,-0.9972667098045349,0,0.899986982345581,-0.431267648935318,0.06348902732133865,0,-0.42966118454933167,-0.9021989107131958,-0.03779774159193039,0,0.652642011642456,1.576030969619751,-0.03514900058507919,1,0.8403012752532959,0.29119351506233215,-0.4572746455669403,0,0.2047889679670334,0.6104920506477356,0.7650887966156006,0,0.5019514560699463,-0.7365499138832092,0.4533640146255493,0,0,1.451390027999878,0,1,0.9820490479469299,0.1884753406047821,-0.007506465073674917,0,-0.18856871128082275,0.9819497466087341,-0.014711389318108559,0,0.004598238505423069,0.01586279645562172,0.9998637437820435,0,0,3.2703590393066406,0,1,0.7095765471458435,0.18613827228546143,-0.6795986890792847,0,-0.0007519901846535504,0.9646766781806946,0.26343438029289246,0,0.7046282291412354,-0.18641579151153564,0.6846519112586975,0,0,2.8214590549468994,0,1,0.9341509938240051,0.3347180485725403,-0.12379830330610275,0,-0.34411489963531494,0.93675297498703,-0.06387101113796234,0,0.09458963572978973,0.10226599872112274,0.9902500510215759,0,-0.3050509989261627,0.43549299240112305,0,1,0.9975977540016174,-0.024253536015748978,-0.06489526480436325,0,0.028705814853310585,0.9972326159477234,0.06857880204916,0,0.06305237859487534,-0.0702769011259079,0.9955329298973083,0,-0.06800000369548798,0.4198940098285675,0,1,0.9704806208610535,-0.029322046786546707,-0.23939009010791779,0,-0.030153479427099228,0.9700417518615723,-0.241058349609375,0,0.23928672075271606,0.24116091430187225,0.9405226111412048,0,-0.004792999941855669,0.4857949912548065,0,1,0.9278731942176819,0.3727169334888458,0.01156136766076088,0,-0.37117186188697815,0.9201602935791016,0.12464527040719986,0,0.03581909462809563,-0.11994627118110657,0.9921342730522156,0,0,0.9967560172080994,0,1,0.9996970891952515,0.021155517548322678,0.0126142343506217,0,-0.02316906861960888,0.9814889430999756,0.19011403620243073,0,-0.00835876539349556,-0.1903485655784607,0.9816811084747314,0,0.060189999639987946,0.5512700080871582,0,1,0.9858859777450562,0.16739079356193542,0.0031778072007000446,0,-0.1649147868156433,0.9676811695098877,0.1907806545495987,0,0.028859807178378105,-0.1886119395494461,0.9816280603408813,0,-0.026318000629544258,0.4993000030517578,0,1,-0.0026487165596336126,-0.009356078691780567,0.9999529123306274,0,-0.902895450592041,-0.4298114776611328,-0.0064132073894143105,0,0.4298514127731323,-0.9028702974319458,-0.007309051230549812,0,-0.652642011642456,1.5792399644851685,-0.05662799999117851,1,0.7687801718711853,-0.5579562187194824,0.3125080168247223,0,0.2537849247455597,0.7147170901298523,0.6517466306686401,0,-0.5870007872581482,-0.42173999547958374,0.6910610795021057,0,0,1.451390027999878,0,1,0.8620319962501526,-0.5065925717353821,0.01628011465072632,0,0.5068521499633789,0.8614989519119263,-0.03033314272761345,0,0.0013412425760179758,0.034399744123220444,0.9994069337844849,0,0,3.2765069007873535,0,1,0.6993408799171448,-0.08637263625860214,0.709550142288208,0,-0.06868059188127518,0.9799591898918152,0.18698158860206604,0,-0.7114806771278381,-0.17949628829956055,0.6793938279151917,0,0,2.8292040824890137,0,1,0.890870988368988,-0.4104211628437042,0.19468621909618378,0,0.4121488332748413,0.9105011224746704,0.033477019518613815,0,-0.1910017877817154,0.0504160150885582,0.9802940487861633,0,0.32116401195526123,0.5079699754714966,0,1,0.9914823174476624,0.12822000682353973,0.022856920957565308,0,-0.13024000823497772,0.9768729209899902,0.16957752406597137,0,-0.0005850782617926598,-0.17111000418663025,0.9852516651153564,0,0.08328499644994736,0.4735170006752014,0,1,0.9929258823394775,-0.012886516749858856,-0.11803306639194489,0,-0.018152767792344093,0.9659301042556763,-0.2581634521484375,0,0.11733858287334442,0.2584799528121948,0.9588636159896851,0,-0.002070999937132001,0.4775800108909607,0,1,0.8847402334213257,-0.4653635621070862,-0.025925548747181892,0,0.4621827304363251,0.8687915205955505,0.17773009836673737,0,-0.060185179114341736,-0.1692272126674652,0.9837372899055481,0,0,1.0201549530029297,0,1,0.9962515234947205,-0.08424731343984604,-0.019653892144560814,0,0.08643805980682373,0.9601752758026123,0.2656906843185425,0,-0.0035125468857586384,-0.2663935124874115,0.9638579487800598,0,-0.07540299743413925,0.5894140005111694,0,1,0.9817756414413452,-0.18980728089809418,-0.009516308084130287,0,0.1895744800567627,0.9745887517929077,0.11932709813117981,0,-0.01337465364485979,-0.11895636469125748,0.9928091764450073,0,0.0557279996573925,0.5480239987373352,0,1,-0.9879944920539856,0.02356271632015705,0.1526838093996048,0,0.052977193146944046,-0.876704216003418,0.47810372710227966,0,0.14512401819229126,0.4804527759552002,0.8649308681488037,0,1.022987961769104,-0.6898429989814758,-0.1812169998884201,1,0.9979190230369568,-0.05232559144496918,0.0376688614487648,0,0.06338565051555634,0.9031181335449219,-0.42468908429145813,0,-0.011797326616942883,0.426192969083786,0.9045554995536804,0,0,5.231299877166748,0,1,0.9986538887023926,0.0039347386918962,0.051727138459682465,0,-0.0439637266099453,0.5935095548629761,0.8036254644393921,0,-0.0275384783744812,-0.804817259311676,0.5928832292556763,0,0,4.76700496673584,0,1,0.9813632369041443,-0.015136532485485077,0.19156621396541595,0,-0.11313934624195099,0.7602792978286743,0.6396679878234863,0,-0.15532614290714264,-0.6494202613830566,0.7443974614143372,0,0,1.9788390398025513,0,1,-0.9860326647758484,-0.035849835723638535,-0.16265058517456055,0,0.03034757822751999,-0.9988839626312256,0.0361887663602829,0,-0.16376636922359467,0.030747245997190475,0.9860197901725769,0,-1.022987961769104,-0.6898429989814758,-0.09872400015592575,1,0.9923370480537415,-0.033701639622449875,0.11887513101100922,0,0.05997006222605705,0.9725356698036194,-0.22489534318447113,0,-0.1080310270190239,0.23030103743076324,0.9671047925949097,0,0,5.234388828277588,0,1,0.9959726333618164,-0.0619652196764946,-0.06479506939649582,0,0.0825054869055748,0.3506513833999634,0.9328643679618835,0,-0.035084690898656845,-0.9344540238380432,0.3543519079685211,0,0,4.769873142242432,0,1,0.9812558889389038,0.012619410641491413,-0.1922968327999115,0,0.11280606687068939,0.7714154124259949,0.6262527704238892,0,0.15624366700649261,-0.6362064480781555,0.7555322647094727,0,0,1.9828089475631714,0,1
K0.103,0.049976855516433716,-0.001451389747671783,0.00045661520562134683,0,0.0014193964889273047,0.04987809434533119,0.003187761874869466,0,-0.0005480354884639382,-0.0031733233481645584,0.04989619553089142,0,0.004180606920272112,0.58170086145401,0.00016316553228534758,1,0.9980400204658508,0.048868414014577866,-0.039098333567380905,0,-0.05130491778254509,0.9966334700584412,-0.06395333260297775,0,0.03584137186408043,0.06583385914564133,0.9971862435340881,0,0,1.2427419424057007,-0.1856590062379837,1,0.9997594952583313,-0.02094504050910473,0.006456334143877029,0,0.020711755380034447,0.9991966485977173,0.034298256039619446,0,-0.007169530726969242,-0.03415630757808685,0.9993907809257507,0,0,1.4659559726715088,0,1,0.999780535697937,-0.01988954469561577,0.006579072214663029,0,0.019657984375953674,0.9992431998252869,0.033564262092113495,0,-0.007241670973598957,-0.033427558839321136,0.99941486120224,0,0,1.6753770112991333,0,1,0.9998037219047546,0.009498478844761848,-0.017374791204929352,0,-0.007028159685432911,0.9905350804328918,0.13708344101905823,0,0.01851242035627365,-0.13693439960479736,0.9904072284698486,0,0,1.8847999572753906,0,1,0.9989213347434998,-0.04008352756500244,-0.02345682680606842,0,0.03866277635097504,0.9975576996803284,-0.05817321687936783,0,0.025731325149536133,0.05720356106758118,0.9980313777923584,0,0,0.855912983417511,0.3470599949359894,1,0.06516343355178833,0.007100775372236967,-0.9978495836257935,0,0.9025042057037354,-0.4270377457141876,0.05589815974235535,0,-0.4257224202156067,-0.9042056798934937,-0.03423568606376648,0,0.652642011642456,1.576030969619751,-0.03514900058507919,1,0.8462266325950623,0.22976082563400269,-0.4807395040988922,0,0.2741011679172516,0.5859891772270203,0.7625523805618286,0,0.45691239833831787,-0.777062714099884,0.4329015612602234,0,0,1.451390027999878,0,1,0.9837638139724731,0.17931796610355377,-0.0073729222640395164,0,-0.1794068068265915,0.9836757779121399,-0.013996212743222713,0,0.004742789082229137,0.015091707929968834,0.9998747110366821,0,0,3.2703590393066406,0,1,0.7148397564888,0.20856864750385284,-0.6674606800079346,0,-0.030796242877840996,0.962948739528656,0.26792073249816895,0,0.6986098885536194,-0.1709650158882141,0.6947768330574036,0,0,2.8214590549468994,0,1,0.9341509938240051,0.33471810817718506,-0.1237979456782341,0,-0.34411489963531494,0.93675297498703,-0.06387107819318771,0,0.09458927065134048,0.10226592421531677,0.9902499914169312,0,-0.3050509989261627,0.43549299240112305,0,1,0.9972297549247742,-0.01598070003092289,-0.0726461112499237,0,0.021062172949314117,0.997343897819519,0.06972943246364594,0,0.07133879512548447,-0.07106631249189377,0.9949170351028442,0,-0.06800000369548798,0.4198940098285675,0,1,0.9703366160392761,-0.027677137404680252,-0.24016885459423065,0,-0.032249461859464645,0.9697283506393433,-0.24204695224761963,0,0.23959773778915405,0.2426123470067978,0.9400704503059387,0,-0.004792999941855669,0.4857949912548065,0,1,0.9286426901817322,0.3708021938800812,0.011345688253641129,0,-0.36920127272605896,0.9207806587219238,0.1259092092514038,0,0.03624052554368973,-0.12111350893974304,0.9919768571853638,0,0,0.9967560172080994,0,1,0.9996961951255798,0.021188348531723022,0.012618787586688995,0,-0.02320244535803795,0.9814810156822205,0.19014781713485718,0,-0.008356177248060703,-0.190382719039917,0.9816738963127136,0,0.060189999639987946,0.5512700080871582,0,1,0.9858799576759338,0.16742321848869324,0.0031816097907721996,0,-0.16494639217853546,0.9676689505577087,0.19081473350524902,0,0.0288680586963892,-0.1886451244354248,0.9816208481788635,0,-0.026318000629544258,0.4993000030517578,0,1,0.00832963827997446,-0.007992839440703392,0.9999335408210754,0,-0.9081372618675232,-0.4186505675315857,0.004218559246510267,0,0.4185890555381775,-0.9081121683120728,-0.010745851323008537,0,-0.652642011642456,1.5792399644851685,-0.05662799999117851,1,0.7558825016021729,-0.5762990117073059,0.3106781542301178,0,0.3001933693885803,0.7267849445343018,0.6177921891212463,0,-0.5818296074867249,-0.37371498346328735,0.7223655581474304,0,0,1.451390027999878,0,1,0.8360863924026489,-0.548308253288269,0.017832934856414795,0,0.5485894680023193,0.8354474306106567,-0.032830823212862015,0,0.0031029293313622475,0.03723234683275223,0.9993019104003906,0,0,3.2765069007873535,0,1,0.691519558429718,-0.10777320712804794,0.7142723202705383,0,-0.06551206856966019,0.9753758907318115,0.21059513092041016,0,-0.7193806171417236,-0.19242413341999054,0.667431116104126,0,0,2.8292040824890137,0,1,0.8908720016479492,-0.4104209244251251,0.19468623399734497,0,0.4121480882167816,0.9105011224746704,0.03347691893577576,0,-0.19100163877010345,0.05041591450572014,0.9802941083908081,0,0.32116401195526123,0.5079699754714966,0,1,0.9940310120582581,0.10423833131790161,0.03219606727361679,0,-0.1079951673746109,0.9820053577423096,0.1549239158630371,0,-0.01546770241111517,-0.15747623145580292,0.9874011874198914,0,0.08328499644994736,0.4735170006752014,0,1,0.9929953813552856,-0.013685555197298527,-0.117357037961483,0,-0.01735558547079563,0.9655990600585938,-0.2594541907310486,0,0.11687064170837402,0.2596736252307892,0.9585980772972107,0,-0.002070999937132001,0.4775800108909607,0,1,0.8763189911842346,-0.4805314540863037,-0.03396600857377052,0,0.4778369963169098,0.8581266403198242,0.18785840272903442,0,-0.06112472712993622,-0.18085408210754395,0.9816082715988159,0,0,1.0201549530029297,0,1,0.9962349534034729,-0.08442962169647217,-0.01968746818602085,0,0.08662216365337372,0.9601166844367981,0.26584121584892273,0,-0.0035426064860075712,-0.2665458023548126,0.9638157486915588,0,-0.07540299743413925,0.5894140005111694,0,1,0.9817396402359009,-0.18998821079730988,-0.009530517272651196,0,0.18975365161895752,0.9745336174964905,0.11948622018098831,0,-0.013413173146545887,-0.11911288648843765,0.9927898645401001,0,0.0557279996573925,0.5480239987373352,0,1,-0.9912704825401306,0.0027943819295614958,0.13181260228157043,0,0.06621258705854416,-0.8539994359016418,0.5160430073738098,0,0.11400996148586273,0.5202661156654358,0.8463596701622009,0,1.022987961769104,-0.6898429989814758,-0.1812169998884201,1,0.9977407455444336,-0.025694632902741432,0.06206740438938141,0,0.038713593035936356,0.9750272035598755,-0.21868421137332916,0,-0.054898425936698914,0.22059310972690582,0.9738196134567261,0,0,5.231299877166748,0,1,0.9983958601951599,-0.023974604904651642,0.0512891486287117,0,-0.026853442192077637,0.5970001816749573,0.8017917275428772,0,-0.049842268228530884,-0.801882803440094,0.5953986644744873,0,0,4.76700496673584,0,1,0.9811960458755493,-0.016966769471764565,0.19226545095443726,0,-0.1139504536986351,0.7530815601348877,0.6479848027229309,0,-0.1557857096195221,-0.6577085852622986,0.7369869947433472,0,0,1.9788390398025513,0,1,-0.9801440834999084,-0.037270437926054,-0.19475246965885162,0,0.03728414326906204,-0.9992979764938354,0.003596594789996743,0,-0.1947498619556427,-0.003735997946932912,0.9808460474014282,0,-1.022987961769104,-0.6898429989814758,-0.09872400015592575,1,0.9939958453178406,-0.015768975019454956,0.10827213525772095,0,0.044507790356874466,0.9622621536254883,-0.26845937967300415,0,-0.09995286911725998,0.2716665267944336,0.9571866393089294,0,0,5.234388828277588,0,1,0.9971151351928711,-0.07475236803293228,-0.013149714097380638,0,0.03439033776521683,0.29051491618156433,0.9562525153160095,0,-0.06766198575496674,-0.953946590423584,0.2922477424144745,0,0,4.769873142242432,0,1,0.981228768825531,0.012916487641632557,-0.1924162358045578,0,0.11293689161539078,0.770276665687561,0.6276299953460693,0,0.15632040798664093,-0.6375791430473328,0.7543584108352661,0,0,1.9828089475631714,0,1
